  4.
  9.99999975E-06  0.87826086  0.878260861  0.551138146  0.550938503
  0.537134057  0.557174446  0.365001951  0.560404585
  1.49999996E-05  0.878553255  0.878553255  0.567555706  0.567279852
  0.552164654  0.569862933  0.375885386  0.579104608
  1.99999995E-05  0.878818999  0.878819  0.573994125  0.573695112  0.557300293
  0.580330531  0.384828134  0.590043434
  2.49999994E-05  0.87905952  0.879059519  0.575073182  0.574776598
  0.557223723  0.588412428  0.392302676  0.594980242
  2.99999992E-05  0.879284597  0.879284598  0.576682226  0.576378861
  0.55790963  0.594745523  0.398951121  0.597452705
  3.49999991E-05  0.879493781  0.879493784  0.582580544  0.582239115
  0.563150066  0.600249575  0.405243289  0.602635087
  3.9999999E-05  0.879693287  0.879693285  0.590833339  0.590433465
  0.570939505  0.605089111  0.410942602  0.61032028
  4.49999989E-05  0.879882475  0.879882477  0.59837268  0.597917148
  0.578107001  0.609411215  0.415852997  0.617895478
  4.99999987E-05  0.880061728  0.880061732  0.60432586  0.603831697  0.58372142
  0.613645002  0.420213272  0.624423861
  5.49999986E-05  0.880233889  0.880233891  0.608481911  0.607974749
  0.587541071  0.618090082  0.424193973  0.629599828
  5.99999985E-05  0.880404396  0.880404394  0.611485303  0.610985395
  0.590175442  0.622246501  0.427481661  0.63341321
  6.49999984E-05  0.880565071  0.88056507  0.614412222  0.61391688  0.592748293
  0.626262163  0.430758926  0.637119838
  6.99999982E-05  0.880722118  0.880722113  0.617554856  0.617041515
  0.595604229  0.629569784  0.434193552  0.640997666
  7.49999981E-05  0.880872082  0.880872079  0.620600321  0.620057661
  0.598379753  0.632816776  0.437200162  0.644789211
  7.9999998E-05  0.881021802  0.8810218  0.623272334  0.622671459  0.60081198
  0.635706135  0.438922528  0.648169369
  8.49999979E-05  0.881163122  0.881163119  0.625970939  0.625313713
  0.603277236  0.638637395  0.440653682  0.651560975
  8.99999977E-05  0.881306418  0.881306421  0.628450706  0.627774205
  0.605531267  0.641105748  0.442004786  0.654175164
  9.49999976E-05  0.881441943  0.881441935  0.630964887  0.630268938
  0.607825109  0.643632055  0.443381147  0.656830246
  9.99999975E-05  0.881576899  0.881576893  0.633516546  0.632814266
  0.610203964  0.646016336  0.445848782  0.659500715
  0.000149999996  0.882797358  0.882797356  0.650999701  0.650229636
  0.625983074  0.666125137  0.473819196  0.680399639
  0.000199999995  0.883857517  0.883857518  0.656766254  0.655768367
  0.629683339  0.680300174  0.490376875  0.689864628
  0.000249999994  0.884814099  0.884814095  0.663410235  0.662235319
  0.634879208  0.691373056  0.504962516  0.697722997
  0.000299999992  0.885688417  0.885688415  0.670465465  0.669165601
  0.640864586  0.700877766  0.518459347  0.706192462
  0.000349999991  0.886513205  0.886513203  0.675108519  0.673703678
  0.644461323  0.709156302  0.529118928  0.71274185
  0.00039999999  0.88728695  0.887286949  0.678928584  0.677428718  0.647337985
  0.716597271  0.537189108  0.718478644
  0.000449999989  0.888020033  0.888020028  0.683487708  0.681900615
  0.651194735  0.723103967  0.542896573  0.725578696
  0.000499999987  0.888729526  0.888729517  0.685472319  0.68376128
  0.652279666  0.728763918  0.548556824  0.730023419
  0.000549999986  0.889405171  0.889405161  0.685726125  0.683876557
  0.65149801  0.734050225  0.555040006  0.731302382
  0.000599999985  0.890045053  0.890045048  0.684681033  0.682682956
  0.649294807  0.739094129  0.562287984  0.72998331
  0.000649999984  0.890684491  0.890684477  0.688423003  0.686373157
  0.652603615  0.743440887  0.568332509  0.734123289
  0.000699999982  0.89128504  0.891285039  0.692203427  0.69009794  0.655981831
  0.747825011  0.574197163  0.7382534
  0.000749999981  0.891885065  0.89188505  0.694893268  0.692690867
  0.658173005  0.751791085  0.578524004  0.740791505
  0.00079999998  0.892449337  0.892449335  0.697759855  0.695462603
  0.660569388  0.755868502  0.583012433  0.743612134
  0.000849999979  0.89302155  0.893021533  0.702219353  0.699871884
  0.664832955  0.759374827  0.587933782  0.749205345
  0.000899999977  0.893560154  0.893560151  0.706738941  0.704341418
  0.669184783  0.762990245  0.59296559  0.754894099
  0.000949999976  0.894100484  0.894100469  0.708851396  0.706402552
  0.670881065  0.766251731  0.596837389  0.757896984
  0.00100000005  0.894627524  0.894627509  0.709809836  0.70730859  0.671292315
  0.769383283  0.600179678  0.759612683
  0.00150000007  0.899374207  0.899374183  0.721491605  0.718482037
  0.679123202  0.796387803  0.62894919  0.775431547
  0.00200000009  0.903500383  0.903500355  0.734767401  0.731266244
  0.690316355  0.816091593  0.652133087  0.792154014
  0.00250000012  0.907207  0.907206985  0.740960696  0.736962287  0.693997896
  0.831839808  0.670829246  0.801498362
  0.00300000014  0.910647086  0.910647065  0.745158661  0.740780486
  0.695889524  0.844693919  0.686524992  0.805886216
  0.00350000017  0.913848314  0.913848294  0.753274893  0.748697127
  0.702761104  0.855577773  0.700960386  0.813498946
  0.00400000019  0.916869107  0.916869092  0.762170321  0.757454627
  0.710864874  0.86494574  0.713980146  0.82305186
  0.00450000021  0.919740826  0.919740826  0.768621217  0.763731116
  0.716335652  0.873359669  0.725382749  0.830285204
  0.00500000024  0.922473263  0.922473271  0.772962854  0.7678686  0.719486844
  0.881272419  0.735458197  0.834943949
  0.00550000026  0.925129108  0.925129121  0.777291283  0.772038319
  0.722801979  0.888746738  0.744174785  0.839711078
  0.00600000028  0.927698772  0.92769882  0.781600263  0.776192391  0.726178003
  0.895854565  0.752060713  0.844665154
  0.00650000031  0.930121043  0.93012105  0.785948767  0.780388083  0.729648364
  0.90299469  0.759693319  0.849775168
  0.00700000033  0.932588966  0.932589057  0.78940358  0.783734937  0.732232538
  0.909151699  0.766499627  0.853689159
  0.00750000036  0.93487944  0.934879447  0.792903828  0.787130733  0.734887315
  0.91559106  0.773479215  0.857672042
  0.00800000038  0.937224111  0.937224248  0.796905123  0.79110389  0.738419699
  0.921019853  0.778204025  0.863819931
  0.0085000004  0.939413377  0.939413433  0.800980806  0.795154406  0.742061705
  0.92673905  0.78309585  0.870071529
  0.00900000043  0.941643301  0.941643499  0.801978832  0.796021861
  0.741859544  0.931843504  0.787553556  0.872670186
  0.00950000045  0.943795505  0.943795693  0.802016698  0.795893565
  0.740418796  0.936908103  0.79196645  0.874147052
  0.00999999978  0.945863234  0.945863301  0.801905927  0.795617223
  0.738783904  0.942114327  0.796535444  0.875226933
  0.0149999997  0.965369345  0.965369449  0.817171021  0.810629678  0.745972358
  0.993410289  0.840127057  0.885114853
  0.0199999996  0.982988959  0.982989025  0.861749447  0.856847617  0.794137789
  1.0418284  0.872481598  0.925989727
  0.0249999994  0.999609994  0.999612092  0.88776654  0.884178652  0.821258309
  1.08309339  0.896608894  0.953210868
  0.0299999993  1.01399299  1.01399388  0.903029  0.900528164  0.836902969
  1.11777418  0.91848804  0.965499831
  0.0349999992  1.02686968  1.02686976  0.919557454  0.91825284  0.856634686
  1.14250407  0.958542124  0.975207941
  0.0399999991  1.03826856  1.03826919  0.937109959  0.937000367  0.879911776
  1.1572882  0.996306994  0.986588844
  0.044999999  1.04814603  1.04814896  0.951416922  0.95224607  0.900833271
  1.16480352  1.02974703  0.995747427
  0.0499999989  1.0565367  1.05654164  0.963434179  0.964937777  0.920156082
  1.16736003  1.05976736  1.00354078
  0.0549999988  1.06356264  1.06356611  0.97399548  0.975958478  0.938531532
  1.16616952  1.08742586  1.01053386
  0.0599999987  1.06925456  1.06925701  0.982964834  0.985101257  0.955562013
  1.16078334  1.11190298  1.01681743
  0.0649999985  1.07356795  1.07357217  0.989407813  0.99141964  0.969177636
  1.15037944  1.13214158  1.02170322
  0.0699999984  1.07727051  1.07727129  0.995219839  0.997009723  0.982280882
  1.13705108  1.15184014  1.02614982
  0.0749999983  1.07905386  1.07905616  0.997891327  0.999343622  0.989661553
  1.11901697  1.16569793  1.02777857
  0.0799999982  1.0805631  1.0805639  1.00038145  1.00147291  0.996958381
  1.09837745  1.17984638  1.0291292
  0.0849999981  1.08204239  1.08204495  1.00090581  1.00164821  0.99946282
  1.07760285  1.18915951  1.03000587
  0.089999998  1.08346353  1.0834657  1.00086646  1.00123896  1.00065129
  1.05510842  1.19749572  1.03075918
  0.0949999979  1.08416184  1.08416121  1.00074375  1.00084664  1.00131427
  1.03475986  1.20459376  1.03140057
  0.100000001  1.08363393  1.08363256  1.00045695  1.00052212  1.00081122
  1.02170039  1.20860646  1.03182433
  0.150000002  1.06576898  1.06575765  1.  1.  1.  1.  1.17826153  1.0382526
  0.200000003  1.04896471  1.04894924  1.  1.  1.  1.  1.03457683  1.04215455
  0.250000004  1.03217229  1.03215703  1.  1.  1.  1.  1.  1.03619112
  0.300000004  1.00964561  1.00964394  1.  1.  1.  1.  1.  1.02152364
  0.350000005  0.982493422  0.982472291  1.  1.  1.  1.  1.  0.998946638
  0.400000006  0.952877655  0.952843381  1.  1.  1.  1.  1.  0.971123391
  0.450000007  0.922379114  0.922347755  1.  1.  1.  1.  1.  0.939885258
  0.500000007  0.893085574  0.893070418  1.  1.  1.  1.  1.  0.908250751
  0.550000008  0.866349384  0.866340747  1.  1.  1.  1.  1.  0.878024573
  0.600000009  0.844372076  0.844348174  1.  1.  1.  1.  1.  0.852056726
  0.65000001  0.827603787  0.827586574  1.  1.  1.  1.  1.  0.830411015
  0.70000001  0.81830494  0.818301695  1.  1.  1.  1.  1.  0.815033028
  0.750000011  0.820879186  0.820892292  1.  1.  1.  1.  1.  0.802270744
  0.800000012  0.888486677  0.888580954  1.  1.  1.  1.  1.  0.855628491
  0.850000013  1.03867619  1.03898168  1.  1.  1.  1.  1.  1.00468247
  0.900000013  1.27251651  1.27283211  1.  1.  1.  1.  1.  1.24817984
  0.950000014  1.59902227  1.59908554  1.  1.  1.  1.  1.  1.59176484
  16.
  9.99999975E-06  0.882022784  0.882060602  0.596604599  0.596508888
  0.591995383  0.605482099  0.571182767  0.612513255
  1.49999996E-05  0.882770799  0.88281333  0.609878958  0.609749452
  0.604601456  0.618553182  0.582374323  0.626505048
  1.99999995E-05  0.883393696  0.883439986  0.617682247  0.617538837
  0.611925274  0.6286005  0.59112896  0.635851728
  2.49999994E-05  0.883932456  0.883981986  0.622803481  0.622653523
  0.616699371  0.636578849  0.598302419  0.642293916
  2.99999992E-05  0.884410335  0.884462553  0.627637183  0.627475151
  0.621225353  0.643097543  0.604270275  0.647499207
  3.49999991E-05  0.884844664  0.88489917  0.633470863  0.633286271  0.62677138
  0.648790455  0.609626792  0.653184822
  3.9999999E-05  0.88524369  0.885300355  0.639451066  0.639238664  0.632472743
  0.653760813  0.614236047  0.658950871
  4.49999989E-05  0.885615235  0.885673819  0.644739183  0.644502067
  0.637522485  0.658236161  0.618326639  0.664204978
  4.99999987E-05  0.885963195  0.886023442  0.649228377  0.648973412
  0.641813777  0.662435597  0.622081537  0.668857694
  5.49999986E-05  0.886291199  0.886352923  0.652904048  0.652639993
  0.645320235  0.666431196  0.625508948  0.672855494
  5.99999985E-05  0.886605061  0.886668401  0.655954487  0.655685891
  0.648204362  0.669989415  0.628474815  0.676169822
  6.49999984E-05  0.88689935  0.886964236  0.658944388  0.658669777
  0.651035731  0.673470734  0.631389894  0.679412802
  6.99999982E-05  0.887185916  0.887252297  0.661795543  0.661506625
  0.653750155  0.676522311  0.634062475  0.682459205
  7.49999981E-05  0.887457115  0.887524881  0.664590487  0.664284293
  0.656414672  0.679534367  0.636644372  0.685443772
  7.9999998E-05  0.887721941  0.887790996  0.667080388  0.666749805
  0.658784098  0.682234135  0.638812131  0.688076368
  8.49999979E-05  0.887971628  0.888041903  0.66961355  0.669259013  0.66120008
  0.684993411  0.641034119  0.690756752
  8.99999977E-05  0.88822019  0.888291614  0.671855731  0.671491092  0.66332969
  0.687367774  0.643066952  0.693042716
  9.49999976E-05  0.888455379  0.888527894  0.674151432  0.673776508
  0.665515408  0.689813657  0.645159188  0.69538923
  9.99999975E-05  0.888686645  0.888760223  0.676335715  0.675954465
  0.667603541  0.69210039  0.64730947  0.697644282
  0.000149999996  0.89070363  0.89078616  0.692034536  0.691576029  0.682436713
  0.710616055  0.665569458  0.714971636
  0.000199999995  0.892371655  0.892461054  0.700725232  0.700135645
  0.690375745  0.723915757  0.678116999  0.725325089
  0.000249999994  0.893826024  0.893921231  0.70845984  0.707766588
  0.697537587  0.734429633  0.688533586  0.733957496
  0.000299999992  0.89511615  0.895216365  0.715264151  0.714488375
  0.703841499  0.743297935  0.697335748  0.741640482
  0.000349999991  0.896306674  0.896411224  0.720430514  0.719582518
  0.708585194  0.750832737  0.704532248  0.747802116
  0.00039999999  0.897402859  0.897511209  0.724875863  0.723959403  0.71265292
  0.757551787  0.710579388  0.753185712
  0.000449999989  0.898424159  0.898536064  0.729070985  0.728086827
  0.716506826  0.76352784  0.715771676  0.758366352
  0.000499999987  0.899398258  0.899513477  0.731973788  0.730910791
  0.719090023  0.7688465  0.720721122  0.762259949
  0.000549999986  0.900314871  0.90043312  0.73422048  0.733077057  0.721020247
  0.773799761  0.72553938  0.765167533
  0.000599999985  0.901175802  0.901296829  0.736006171  0.734781563
  0.722486522  0.77851468  0.73029403  0.767310512
  0.000649999984  0.902020295  0.902143935  0.739300107  0.73802997
  0.725538628  0.782554095  0.734282166  0.770836115
  0.000699999982  0.902811976  0.902938048  0.742638809  0.741321681
  0.728650668  0.7866444  0.738285243  0.774410057
  0.000749999981  0.903594146  0.903722559  0.745399783  0.74402424
  0.731189135  0.790255732  0.74170157  0.777337217
  0.00079999998  0.904328758  0.904459357  0.748250674  0.746816796
  0.733826346  0.79397745  0.745217513  0.780389608
  0.000849999979  0.905058912  0.905191571  0.751211772  0.749737576
  0.736576883  0.797116905  0.74828081  0.783753715
  0.000899999977  0.905746856  0.905881452  0.754249186  0.752734093
  0.73941438  0.800379474  0.751454953  0.787218038
  0.000949999976  0.906428983  0.906565443  0.75620874  0.754653864
  0.741171139  0.803330602  0.754206378  0.789593011
  0.00100000005  0.90709113  0.907229368  0.757658174  0.756063656  0.742414119
  0.806173684  0.756787757  0.791457312
  0.00150000007  0.912910494  0.913063077  0.771574051  0.769599103
  0.754741649  0.830034418  0.778600607  0.80796635
  0.00200000009  0.917784056  0.917946749  0.78345287  0.781119708  0.765495323
  0.847647329  0.795362845  0.821800194
  0.00250000012  0.922049614  0.922219765  0.790686771  0.788018476  0.77162377
  0.86182533  0.808929996  0.83082642
  0.00300000014  0.925922316  0.92609811  0.796690355  0.793772471  0.776656143
  0.873448902  0.820288575  0.83747662
  0.00350000017  0.929468176  0.929648271  0.804023257  0.800946229
  0.783210586  0.883466574  0.830360929  0.845013608
  0.00400000019  0.932772892  0.932956319  0.811069675  0.807863562
  0.789593214  0.892236979  0.839274597  0.852556156
  0.00450000021  0.93587434  0.936060215  0.81652618  0.813178545  0.794371511
  0.900131161  0.847111105  0.858600948
  0.00500000024  0.938793882  0.938981445  0.820783389  0.817286729
  0.797932453  0.907493796  0.854181765  0.863354103
  0.00550000026  0.941605892  0.941794602  0.824844498  0.821228171
  0.801373104  0.91420822  0.860437034  0.867911786
  0.00600000028  0.944303294  0.944492669  0.828700988  0.824973172
  0.804625651  0.920490215  0.866152868  0.872303955
  0.00650000031  0.946840144  0.947029649  0.832527347  0.828691592
  0.807865657  0.926765585  0.871759505  0.876699077
  0.00700000033  0.949375264  0.94956458  0.835626565  0.831713211  0.810383403
  0.932125093  0.87645305  0.880292817
  0.00750000036  0.951734365  0.951922999  0.83880438  0.834814762  0.812995142
  0.937790393  0.881361793  0.8839872
  0.00800000038  0.954119452  0.954307336  0.841742568  0.83771043  0.815468313
  0.942624095  0.885292885  0.887871156
  0.0085000004  0.956353236  0.95653989  0.84477346  0.840699901  0.818049751
  0.947753208  0.889426248  0.891875513
  0.00900000043  0.958596763  0.958782125  0.84618545  0.842028669  0.818837498
  0.952365827  0.893203141  0.894099716
  0.00950000045  0.960757528  0.960941233  0.84710349  0.842848599  0.81905948
  0.956969346  0.896974411  0.895792251
  0.00999999978  0.962830746  0.963012516  0.847998248  0.843648471
  0.819249277  0.961675866  0.900816418  0.897371347
  0.0149999997  0.981856719  0.982011436  0.868973018  0.864724885  0.836197622
  1.00314245  0.933401557  0.916507668
  0.0199999996  0.998346598  0.998464207  0.903960107  0.900933214  0.87131284
  1.03887677  0.958252622  0.948416394
  0.0249999994  1.0131463  1.01322309  0.925478575  0.923486547  0.893173603
  1.06890018  0.979247548  0.969417813
  0.0299999993  1.02569431  1.025728  0.940530796  0.93947784  0.909295982
  1.09480425  1.00103475  0.98271631
  0.0349999992  1.03661781  1.03660945  0.955645315  0.955575717  0.927088881
  1.11413808  1.02746389  0.994678761
  0.0399999991  1.04600279  1.04595553  0.970105099  0.970953065  0.945497702
  1.12682199  1.05097697  1.00616436
  0.044999999  1.05388393  1.05380206  0.981589159  0.98313276  0.961510022
  1.13436248  1.07112543  1.01533663
  0.0499999989  1.06036689  1.06025351  0.990958477  0.992982685  0.975782086
  1.13823927  1.08867252  1.02292139
  0.0549999988  1.06566541  1.06552131  0.998917948  1.00125527  0.988887185
  1.13937076  1.10444629  1.02942087
  0.0599999987  1.06980998  1.06963949  1.00524702  1.00767661  1.00032535
  1.1373407  1.11777914  1.03477198
  0.0649999985  1.07274267  1.0725516  1.00939796  1.01172055  1.00880655
  1.13215478  1.1281329  1.03853014
  0.0699999984  1.07519507  1.07498213  1.01296105  1.01510326  1.01672521
  1.12515231  1.13804633  1.04179884
  0.0749999983  1.07623848  1.07601228  1.01405375  1.01594864  1.02030975
  1.11566495  1.14405122  1.04293957
  0.0799999982  1.0771029  1.07686289  1.01494538  1.01656738  1.0237179
  1.1046596  1.15015384  1.04387922
  0.0849999981  1.07764651  1.07739402  1.01448754  1.01587023  1.02401107
  1.0937524  1.15329087  1.04422817
  0.089999998  1.07809457  1.07782954  1.01358548  1.01471603  1.02334636
  1.08188561  1.15571549  1.04441764
  0.0949999979  1.07800709  1.07773026  1.01260587  1.01354136  1.02230703
  1.07066929  1.15724921  1.044463
  0.100000001  1.07696935  1.07668531  1.01155118  1.01244043  1.0205727
  1.06256223  1.1567167  1.04422959
  0.150000002  1.0584501  1.05814956  1.00298181  1.00329828  1.00553259
  1.01630944  1.10483931  1.04035006
  0.200000003  1.04120301  1.04088417  0.999762809  0.999737107  0.999552426
  0.998622653  1.01403551  1.03539398
  0.250000004  1.02294774  1.0226137  0.999540628  0.999500818  0.999147611
  0.997336135  0.994998292  1.02588494
  0.300000004  0.999459697  0.999143595  0.999475378  0.999448478  0.999054347
  0.997064362  0.992719947  1.00882967
  0.350000005  0.97228559  0.971974552  0.999419633  0.99940832  0.998989772
  0.996937449  0.990638804  0.985331919
  0.400000006  0.943279434  0.942995551  0.999371464  0.999376131  0.998948807
  0.996929791  0.988785374  0.957726833
  0.450000007  0.913971462  0.913741318  0.999333815  0.999353473  0.998934576
  0.997041192  0.987279459  0.927875117
  0.500000007  0.886189535  0.886030149  0.999315516  0.999347625  0.998956941
  0.997284041  0.986244495  0.898287149
  0.550000008  0.861284354  0.861190829  0.999328668  0.999369001  0.999025953
  0.997669704  0.985807037  0.87062348
  0.600000009  0.841354785  0.841310316  0.999383312  0.999426239  0.999141397
  0.998171382  0.986095586  0.847373933
  0.65000001  0.827092843  0.827126131  0.999505794  0.999545062  0.999332266
  0.998841192  0.987230975  0.828997181
  0.70000001  0.821258665  0.82139479  0.999894494  0.999903756  0.99986369
  0.999840094  0.989570621  0.817594224
  0.750000011  0.831939064  0.832220836  1.00097127  1.00097125  1.0009713
  1.0009713  0.993892201  0.816039837
  0.800000012  0.906725834  0.907157371  1.00160662  1.00160661  1.00160663
  1.00160663  1.00053133  0.880396303
  0.850000013  1.05771854  1.05830772  1.00099411  1.00099411  1.00099411
  1.00099411  1.00820723  1.03067797
  0.900000013  1.28678467  1.28726582  0.994953461  0.994953457  0.994953467
  0.994953467  1.01565491  1.26713126
  0.950000014  1.60380264  1.60391421  0.962424335  0.962424295  0.962424416
  0.962424416  1.02078473  1.59757063
  64.
  9.99999975E-06  0.885036845  0.885106355  0.645147061  0.645088003
  0.643280823  0.654101227  0.659039399  0.660770727
  1.49999996E-05  0.886115377  0.88619303  0.656709017  0.65662998  0.654519086
  0.666181557  0.670059817  0.672762697
  1.99999995E-05  0.886991427  0.887075493  0.664278686  0.664189656
  0.661871732  0.675315938  0.678362825  0.681146469
  2.49999994E-05  0.887738109  0.887827586  0.669905208  0.66980903
  0.667346173  0.682592393  0.685033346  0.687451817
  2.99999992E-05  0.888392982  0.888486957  0.674976609  0.674869917
  0.672272469  0.688588412  0.690578274  0.692741534
  3.49999991E-05  0.888982522  0.889080367  0.680181575  0.680059557  0.6773273
  0.693817553  0.695424096  0.69789393
  3.9999999E-05  0.889519762  0.889621185  0.685086133  0.684947068
  0.682081565  0.698388448  0.699623408  0.702693384
  4.49999989E-05  0.890016701  0.890121307  0.689403098  0.689249202
  0.686270665  0.702502172  0.703362433  0.706992508
  4.99999987E-05  0.890479351  0.890586774  0.693180057  0.693014885
  0.68994302  0.706327175  0.706788787  0.710851669
  5.49999986E-05  0.890912769  0.89102276  0.696437495  0.696265114
  0.693113041  0.709903611  0.709926067  0.714270871
  5.99999985E-05  0.891324834  0.891437498  0.699227129  0.699048972
  0.695818878  0.713064533  0.712673463  0.717195653
  6.49999984E-05  0.891710468  0.89182565  0.701969459  0.701784623
  0.698481609  0.716170947  0.715377968  0.720069142
  6.99999982E-05  0.892083883  0.892201478  0.704496676  0.704301218
  0.70093791  0.718915394  0.717791426  0.722688438
  7.49999981E-05  0.892436452  0.892556296  0.706984436  0.706777231
  0.703358094  0.721630553  0.720169075  0.725267925
  7.9999998E-05  0.892778621  0.892900553  0.709198114  0.708976813
  0.705508499  0.724057423  0.722261841  0.727550311
  8.49999979E-05  0.89310117  0.893225064  0.71146081  0.711225507  0.707710074
  0.726547558  0.724415371  0.729887862
  8.99999977E-05  0.893420244  0.893546026  0.713420944  0.713178621
  0.70961111  0.728677411  0.726314531  0.731888543
  9.49999976E-05  0.893722257  0.893849819  0.715439317  0.715189812
  0.711572082  0.730880278  0.728280596  0.733953768
  9.99999975E-05  0.894017477  0.894146766  0.717327242  0.717072211
  0.713408277  0.732933579  0.730161525  0.735900249
  0.000149999996  0.896560065  0.89670372  0.731299037  0.73097747  0.726932865
  0.749510866  0.745484908  0.750943757
  0.000199999995  0.89862244  0.898777033  0.740037131  0.739625006
  0.735318354  0.761500841  0.756388971  0.760771008
  0.000249999994  0.900394589  0.900558287  0.747388516  0.746903314
  0.742390132  0.770999548  0.765184731  0.768814142
  0.000299999992  0.901950462  0.90212189  0.7536339  0.753087209  0.748386291
  0.779032363  0.772584092  0.77570711
  0.000349999991  0.903370252  0.903548334  0.75857507  0.757973223
  0.753126513  0.785836214  0.778699414  0.781330576
  0.00039999999  0.904667423  0.904851339  0.762870985  0.762215907
  0.757244423  0.791906574  0.784026788  0.786266948
  0.000449999989  0.905868768  0.906058069  0.766738573  0.766030327
  0.760947155  0.797320048  0.788754904  0.790756798
  0.000499999987  0.907004681  0.907198933  0.769751329  0.768985791
  0.763819261  0.802136992  0.793082925  0.794398741
  0.000549999986  0.908068413  0.908267163  0.772387813  0.771565709
  0.766322251  0.806630221  0.797182563  0.797535712
  0.000599999985  0.909064509  0.90926736  0.774779134  0.773901207
  0.768583823  0.810918307  0.801143885  0.800309991
  0.000649999984  0.910033518  0.910240216  0.777712632  0.776797197
  0.771385824  0.814585351  0.804486763  0.80344262
  0.000699999982  0.910940996  0.91115124  0.7806896  0.779735709  0.774240325
  0.81831154  0.807873165  0.806628285
  0.000749999981  0.911830571  0.912044194  0.78321445  0.782218233
  0.776645591  0.821572145  0.810786673  0.809343382
  0.00079999998  0.912666011  0.912882768  0.785814674  0.784775695  0.77913279
  0.82494642  0.813801563  0.812156027
  0.000849999979  0.913490277  0.913709992  0.78819455  0.787122959
  0.781387961  0.827786312  0.816350517  0.814784816
  0.000899999977  0.914267524  0.914489998  0.790653793  0.789548823
  0.783729282  0.830751744  0.819011824  0.817511872
  0.000949999976  0.915033458  0.915258574  0.792466505  0.791329495
  0.785439907  0.833429188  0.821372708  0.81961621
  0.00100000005  0.915775125  0.916002747  0.793981947  0.792813182
  0.786861098  0.836009404  0.823623859  0.821440673
  0.00150000007  0.922210646  0.922457834  0.807647908  0.806175484
  0.799752581  0.85754182  0.842437033  0.837195075
  0.00200000009  0.927498254  0.927758427  0.818382429  0.816629539
  0.809877827  0.873500847  0.856620736  0.849467279
  0.00250000012  0.932065049  0.932334194  0.825613034  0.823608077
  0.816550213  0.886389812  0.868111358  0.858121219
  0.00300000014  0.936161638  0.936437048  0.83178624  0.829593853  0.822206558
  0.896969574  0.87763901  0.865042972
  0.00350000017  0.939881249  0.940160961  0.838370833  0.836047533
  0.828303675  0.906147346  0.88599823  0.872023383
  0.00400000019  0.943321295  0.943603849  0.844393994  0.841958962
  0.833878672  0.914227146  0.893340638  0.878526553
  0.00450000021  0.946528165  0.946812312  0.849235108  0.84668464  0.838282523
  0.921519394  0.899846897  0.883917826
  0.00500000024  0.949531088  0.949815767  0.853249144  0.850582917
  0.841867644  0.928321652  0.905788053  0.888465363
  0.00550000026  0.952404873  0.952689308  0.856993527  0.854233399
  0.845211644  0.934471652  0.91104012  0.892703438
  0.00600000028  0.955146644  0.955430132  0.860491752  0.857646344
  0.848311559  0.940211249  0.915857575  0.896692243
  0.00650000031  0.957722333  0.958004194  0.86394851  0.861021458  0.851378985
  0.9459533  0.920617757  0.900652984
  0.00700000033  0.960269273  0.960549032  0.866767419  0.863781866
  0.853810139  0.950842086  0.924590775  0.903932187
  0.00750000036  0.962644498  0.962921566  0.869684265  0.866640849
  0.856353003  0.956043248  0.928794094  0.907333846
  0.00800000038  0.965023029  0.965297178  0.872188745  0.869108116
  0.858522408  0.960461342  0.932262413  0.910460881
  0.0085000004  0.967256043  0.967526744  0.874794793  0.871677447  0.86080496
  0.965175324  0.935945059  0.913715336
  0.00900000043  0.969478228  0.969745304  0.876375664  0.873202927
  0.862006623  0.969393988  0.93925812  0.915885085
  0.00950000045  0.971616026  0.971879069  0.877660185  0.87442509  0.862887395
  0.97360851  0.942564663  0.917751902
  0.00999999978  0.973666307  0.973924977  0.878966806  0.875673182
  0.863789451  0.977919822  0.945933837  0.919592861
  0.0149999997  0.992137425  0.992342404  0.900970209  0.897921645  0.883195125
  1.01458753  0.973453234  0.940815151
  0.0199999996  1.007691  1.00783055  0.930354984  0.92832105  0.912059595
  1.04510983  0.994739716  0.967629522
  0.0249999994  1.02118778  1.02125852  0.94900235  0.947854389  0.930984341
  1.07017135  1.0131361  0.98562906
  0.0299999993  1.03245365  1.03245551  0.96297457  0.96265955  0.946119822
  1.09143977  1.03183543  0.998491912
  0.0349999992  1.0420491  1.04198512  0.976396569  0.976922519  0.961793226
  1.10710845  1.05131941  1.00995029
  0.0399999991  1.05009849  1.04997402  0.988524225  0.989800204  0.976981698
  1.11727682  1.06792058  1.02013794
  0.044999999  1.05668438  1.05650604  0.997926545  0.999753804  0.989851665
  1.12314873  1.08165113  1.02808455
  0.0499999989  1.06195832  1.06173161  1.00538892  1.00758356  1.00100305
  1.12594507  1.0932071  1.03445173
  0.0549999988  1.06617083  1.0658991  1.01153343  1.01395587  1.01095968
  1.12643936  1.10327646  1.03971355
  0.0599999987  1.06934871  1.0690384  1.01612532  1.01859397  1.01922615
  1.12430158  1.11132958  1.04376526
  0.0649999985  1.07144566  1.07110424  1.01883451  1.0212013  1.02492616
  1.11977852  1.11709484  1.04634134
  0.0699999984  1.07314209  1.07277038  1.02099038  1.02319402  1.03004808
  1.11377272  1.12240863  1.04845817
  0.0749999983  1.0736802  1.07328756  1.02115365  1.02315279  1.03171533
  1.10616519  1.12488578  1.04889828
  0.0799999982  1.07408764  1.07367489  1.02109335  1.02286121  1.03313885
  1.09730837  1.12728744  1.04917051
  0.0849999981  1.07407857  1.07364726  1.02006103  1.02163647  1.03232854
  1.08874426  1.12765  1.04891977
  0.089999998  1.07396309  1.0735145  1.01865162  1.02002425  1.03073852
  1.0794402  1.12738787  1.04851395
  0.0949999979  1.07342328  1.07295955  1.01717897  1.01838485  1.02885883
  1.07044823  1.12642814  1.04798275
  0.100000001  1.07210737  1.07163387  1.01572481  1.01687294  1.02657796
  1.06361932  1.12406299  1.0472241
  0.150000002  1.05316128  1.05266437  1.00361462  1.00397241  1.00636773
  1.01549307  1.0690421  1.03833369
  0.200000003  1.03544796  1.03492105  0.999271284  0.999198877  0.998697033
  0.996686657  1.00413406  1.03022141
  0.250000004  1.01620294  1.01565542  0.998851853  0.998763204  0.997973375
  0.994746228  0.990282753  1.01877094
  0.300000004  0.992130759  0.991609463  0.998653667  0.998594186  0.997685837
  0.994007037  0.986242218  1.0003127
  0.350000005  0.965028983  0.964533268  0.99848281  0.998460109  0.99747583
  0.993571679  0.982530207  0.976328464
  0.400000006  0.93653733  0.936098884  0.998332555  0.998348693  0.997328307
  0.993390628  0.979173611  0.948957237
  0.450000007  0.908129449  0.907780555  0.998211752  0.998265029  0.997253138
  0.993479065  0.976385935  0.920036781
  0.500000007  0.881469072  0.881229159  0.998142066  0.998226617  0.997272967
  0.993870611  0.974397266  0.891792256
  0.550000008  0.857922178  0.857789638  0.998151174  0.998256918  0.99740798
  0.994592061  0.973484136  0.865844326
  0.600000009  0.839546923  0.839509513  0.998267657  0.998380979  0.997664089
  0.995614814  0.973926475  0.84453097
  0.65000001  0.82720648  0.82729849  0.998552142  0.998657949  0.998109934
  0.99705416  0.976043498  0.828525933
  0.70000001  0.8241475  0.824407286  0.999404713  0.999448763  0.999268641
  0.999176628  0.980669135  0.82035481
  0.750000011  0.840673966  0.84115824  1.00176945  1.00176943  1.0017695
  1.0017695  0.989489262  0.826638457
  0.800000012  0.920165209  0.920830031  1.00366888  1.00366888  1.00366889
  1.00366889  1.00305596  0.897903847
  0.850000013  1.07142853  1.07220773  1.00351147  1.00351146  1.00351147
  1.00351147  1.01919761  1.04872239
  0.900000013  1.29698759  1.29757895  0.995206257  0.995206254  0.995206262
  0.995206262  1.03591082  1.28034731
  0.950000014  1.60727216  1.60741725  0.925402943  0.925402844  0.925403129
  0.925403129  1.04891328  1.6018089
  256.
  9.99999975E-06  0.887578717  0.887675411  0.682448176  0.682406583
  0.681602094  0.690348706  0.712019087  0.695414242
  1.49999996E-05  0.888916304  0.88902378  0.693015705  0.69296034  0.692001844
  0.701618397  0.722629183  0.706316077
  1.99999995E-05  0.889988376  0.890104258  0.700250416  0.700187154
  0.699129869  0.710064997  0.730501142  0.714082384
  2.49999994E-05  0.890894679  0.891017554  0.705838752  0.705768856
  0.704644331  0.716794193  0.736775097  0.720096908
  2.99999992E-05  0.891685298  0.891813998  0.71076216  0.710683423
  0.709491869  0.722359264  0.741979161  0.725173488
  3.49999991E-05  0.892393026  0.892526771  0.715490931  0.71540078
  0.714136926  0.727204245  0.746488403  0.729890751
  3.9999999E-05  0.893035509  0.893173843  0.719794614  0.719692476
  0.718356546  0.731443809  0.750408363  0.734150719
  4.49999989E-05  0.893627458  0.893769891  0.72358324  0.723470718
  0.722074787  0.735254853  0.753899399  0.737947095
  4.99999987E-05  0.894176563  0.894322672  0.726948399  0.726827602
  0.725383439  0.738783462  0.757096073  0.741377883
  5.49999986E-05  0.894689316  0.894838801  0.729920023  0.729793177
  0.728308793  0.742061588  0.760027755  0.744460297
  5.99999985E-05  0.895175448  0.895328334  0.73249365  0.73236128  0.73083826
  0.74495056  0.762597283  0.747128502
  6.49999984E-05  0.895629874  0.895785951  0.735028053  0.734889562
  0.733331123  0.747796938  0.765132162  0.749756272
  6.99999982E-05  0.896068139  0.896227253  0.737322984  0.737176217
  0.735588144  0.750312202  0.767373236  0.752117786
  7.49999981E-05  0.896481481  0.896643419  0.739587977  0.739432412
  0.737817392  0.752805076  0.769594439  0.754451214
  7.9999998E-05  0.896881355  0.897045934  0.74159835  0.741433156  0.739793887
  0.755027189  0.771563035  0.7565176
  8.49999979E-05  0.897258296  0.897425351  0.743660487  0.743485646
  0.741823866  0.75731411  0.773595292  0.758641654
  8.99999977E-05  0.897629732  0.897799173  0.745423254  0.745242893
  0.743554901  0.759258909  0.775344289  0.760450452
  9.49999976E-05  0.897981413  0.898153102  0.747245718  0.747059686
  0.74534706  0.761276625  0.777162764  0.762324565
  9.99999975E-05  0.898323963  0.898497832  0.748938168  0.748747293
  0.747011885  0.763153942  0.778867896  0.76407512
  0.000149999996  0.901253521  0.901445341  0.761701855  0.761454096
  0.759544917  0.77831474  0.792628858  0.777705346
  0.000199999995  0.903602955  0.903808311  0.770110968  0.769794116
  0.767782931  0.789320006  0.802525437  0.786966078
  0.000249999994  0.905603915  0.905820394  0.777008398  0.776634783
  0.774542214  0.798046262  0.810407197  0.794454938
  0.000299999992  0.907350632  0.907576452  0.782810083  0.782387136
  0.780222258  0.805449849  0.817054942  0.800805008
  0.000349999991  0.908933207  0.909167027  0.78748232  0.787014414  0.78480083
  0.811711582  0.822577328  0.806026902
  0.00039999999  0.910372546  0.910613362  0.791563765  0.79105213  0.788801124
  0.81730248  0.827451235  0.810625521
  0.000449999989  0.911700838  0.911948033  0.795185269  0.794630002
  0.79234758  0.82229238  0.831800279  0.814738829
  0.000499999987  0.912949631  0.913202632  0.798149213  0.797548852
  0.79525151  0.826725336  0.835706758  0.818191137
  0.000549999986  0.91411578  0.914374033  0.800841974  0.800197729
  0.797888123  0.830867071  0.839379056  0.821301587
  0.000599999985  0.915205963  0.915468973  0.803368867  0.802681701
  0.800361423  0.834828953  0.842910172  0.824183777
  0.000649999984  0.91626086  0.916528312  0.806043696  0.805324886
  0.802966426  0.838210887  0.845890336  0.827056007
  0.000699999982  0.917248211  0.91751973  0.808761657  0.808010428
  0.805621319  0.841657427  0.848925887  0.829981683
  0.000749999981  0.918210845  0.918486207  0.811078106  0.810293301
  0.807873736  0.844657366  0.851532703  0.83249247
  0.00079999998  0.919115099  0.919393997  0.813467532  0.812648536  0.8102052
  0.847772987  0.85424437  0.83509438
  0.000849999979  0.920003359  0.920285603  0.815541319  0.814694917
  0.812210464  0.850391473  0.856516485  0.837378635
  0.000899999977  0.920841552  0.921126887  0.817695548  0.816820927
  0.814301924  0.853135759  0.858902018  0.839759921
  0.000949999976  0.921664075  0.921952354  0.81939244  0.818490885
  0.815949198  0.855608229  0.86102757  0.841704557
  0.00100000005  0.922459243  0.922750299  0.82088645  0.819958238  0.817400983
  0.857990566  0.863063115  0.843462221
  0.00150000007  0.929302795  0.929614853  0.833957632  0.832775403  0.83010254
  0.877831526  0.879981569  0.8584254
  0.00200000009  0.934856151  0.935181248  0.843849851  0.842436695
  0.839678924  0.892567271  0.892609534  0.869732874
  0.00250000012  0.939610638  0.939944013  0.850870016  0.849254525
  0.846415405  0.904491233  0.902822234  0.878051798
  0.00300000014  0.943841331  0.944179819  0.856885363  0.855118977
  0.852139293  0.914285335  0.911232537  0.884870618
  0.00350000017  0.947661246  0.948002574  0.862895444  0.861018031
  0.857841531  0.922813849  0.918575674  0.891393581
  0.00400000019  0.951174841  0.951517313  0.868264093  0.866289944
  0.862915185  0.930343671  0.92501051  0.897287237
  0.00450000021  0.95443561  0.954777817  0.872682499  0.870611919  0.867050189
  0.937152272  0.930739086  0.902276696
  0.00500000024  0.957478447  0.957819225  0.876466067  0.874301693
  0.870559918  0.943508248  0.935999923  0.906627958
  0.00550000026  0.960376141  0.960714591  0.879946583  0.877706084
  0.873772792  0.94922972  0.940640699  0.910618103
  0.00600000028  0.96312989  0.96346525  0.883174641  0.88086636  0.876730133
  0.9545654  0.944907447  0.914336995
  0.00650000031  0.965715208  0.966046735  0.886362669  0.883990161
  0.879653629  0.959913538  0.949145471  0.918022578
  0.00700000033  0.968252615  0.968579785  0.888971638  0.886553804
  0.881994542  0.964452803  0.952676946  0.921085823
  0.00750000036  0.970623282  0.97094551  0.891690509  0.88922779  0.884459053
  0.969305818  0.95644397  0.924285288
  0.00800000038  0.972978812  0.973295811  0.893956818  0.891464382
  0.886485541  0.9734036  0.95955979  0.927067472
  0.0085000004  0.975194754  0.975505985  0.896330558  0.893808761  0.888630444
  0.977795301  0.962892797  0.929982427
  0.00900000043  0.977384653  0.977689913  0.897980511  0.895421293
  0.890027981  0.981705322  0.965854263  0.932137448
  0.00950000045  0.979489851  0.979788719  0.899437768  0.896838011
  0.891223403  0.985612929  0.968807699  0.934100615
  0.00999999978  0.981508454  0.981800622  0.90093781  0.89830147  0.892463321
  0.989615208  0.971822964  0.936075059
  0.0149999997  0.999433673  0.999648704  0.922703193  0.920384293  0.912340837
  1.02298012  0.995942586  0.957635484
  0.0199999996  1.01418648  1.01431382  0.948314148  0.946886355  0.937337672
  1.05012844  1.01462374  0.981247644
  0.0249999994  1.02665989  1.02669826  0.964872227  0.964234812  0.954201927
  1.07191024  1.03063045  0.997388483
  0.0299999993  1.03693337  1.03688504  0.977698626  0.977814872  0.968170881
  1.09002057  1.0463251  1.00958786
  0.0349999992  1.04552147  1.04539161  0.989626184  0.990481136  0.982049101
  1.10306906  1.06130292  1.02022459
  0.0399999991  1.05257652  1.05237256  0.999976242  1.00146721  0.994928378
  1.11128585  1.0735736  1.02922651
  0.044999999  1.05821425  1.05794469  1.00781282  1.00975799  1.00559152
  1.11573292  1.08333738  1.03607311
  0.0499999989  1.06261691  1.06228906  1.01386174  1.01609894  1.01459843
  1.11748734  1.09123272  1.04138746
  0.0549999988  1.06605136  1.06567025  1.01868332  1.02109155  1.022433
  1.11722148  1.09783834  1.04562397
  0.0599999987  1.06854054  1.068114  1.02205063  1.02447486  1.02862955
  1.11468004  1.10273725  1.04866822
  0.0649999985  1.07005178  1.06958822  1.0237737  1.02609735  1.03257043
  1.11022644  1.10582073  1.05037529
  0.0699999984  1.07121718  1.07071873  1.02497017  1.0271393  1.03592868
  1.10446129  1.10843228  1.05165278
  0.0749999983  1.07137975  1.07085587  1.02453164  1.02652066  1.03644869
  1.09762625  1.10893031  1.0515567
  0.0799999982  1.07144017  1.0708926  1.02384954  1.025631  1.03667561
  1.08965898  1.10922309  1.05130436
  0.0849999981  1.07105506  1.07048585  1.02245672  1.02407058  1.0352256
  1.08213365  1.10807788  1.0506088
  0.089999998  1.07056105  1.06997244  1.02073189  1.0221687  1.03310638
  1.0739813  1.10636221  1.04976403
  0.0949999979  1.06971807  1.0691129  1.01895768  1.02024147  1.03075379
  1.06600705  1.10408389  1.04881331
  0.100000001  1.06822274  1.06760648  1.01728236  1.01849955  1.028205
  1.05982349  1.10087862  1.04769341
  0.150000002  1.04894295  1.04829663  1.0034703  1.00379601  1.00590419
  1.01292389  1.04751381  1.03583244
  0.200000003  1.03079388  1.03010871  0.998698656  0.998578202  0.997753312
  0.994858914  0.997657815  1.02596883
  0.250000004  1.01080737  1.01010071  0.998112479  0.997979455  0.99677733
  0.992467476  0.9858275  1.01317743
  0.300000004  0.986335289  0.985664254  0.997772357  0.997685194  0.996290039
  0.991310414  0.980282084  0.993771835
  0.350000005  0.959342298  0.958714615  0.997480217  0.99745067  0.995931201
  0.990591478  0.975171054  0.969518675
  0.400000006  0.93130065  0.930754553  0.997223253  0.997254725  0.995674279
  0.990238911  0.970498163  0.942404713
  0.450000007  0.903630963  0.903202338  0.997016735  0.997106515  0.995536029
  0.990284594  0.966554374  0.914229094
  0.500000007  0.877881911  0.877592016  0.996894613  0.997033357  0.995550456
  0.990783543  0.963667746  0.88702741
  0.550000008  0.855439697  0.855289496  0.996900086  0.997071782  0.995747547
  0.991780771  0.962269819  0.862413073
  0.600000009  0.838346817  0.838328073  0.997079592  0.997262831  0.996140665
  0.993252397  0.962809395  0.842649224
  0.65000001  0.827608449  0.827760269  0.997533877  0.99770384  0.996849477
  0.995378073  0.96584458  0.828570835
  0.70000001  0.826911033  0.82728159  0.998870579  0.998944502  0.998652244
  0.998515567  0.972760518  0.823165944
  0.750000011  0.848057789  0.848706412  1.00247246  1.00247243  1.00247251
  1.00247251  0.98624549  0.835519523
  0.800000012  0.931017528  0.931861375  1.00569491  1.00569491  1.00569491
  1.00569491  1.0070716  0.911732509
  0.850000013  1.08232602  1.08324788  1.006497  1.006497  1.006497  1.006497
  1.03251548  1.06275909
  0.900000013  1.30506387  1.30573771  0.998147103  0.998147107  0.99814711
  0.99814711  1.06033991  1.29063512
  0.950000014  1.61005018  1.61022117  0.911054081  0.91105396  0.911054307
  0.911054307  1.08424817  1.60518771
  1024.
  9.99999975E-06  0.889776877  0.889897234  0.711490789  0.711459134
  0.711103391  0.718335002  0.748348582  0.72210206
  1.49999996E-05  0.891325587  0.891458815  0.721379054  0.721337002
  0.720903078  0.728955868  0.758532186  0.732284683
  1.99999995E-05  0.892556166  0.892699344  0.728301786  0.728253142
  0.72777374  0.736872215  0.766031053  0.73960631
  2.49999994E-05  0.893590816  0.893742198  0.733732109  0.733677473
  0.733168923  0.743175984  0.771983935  0.745346663
  2.99999992E-05  0.894490314  0.894648537  0.738447615  0.738385467
  0.73784436  0.748397645  0.776911765  0.750188978
  3.49999991E-05  0.895292439  0.895456588  0.742822125  0.742750941
  0.742171535  0.752937721  0.781167884  0.754580218
  3.9999999E-05  0.896018843  0.896188361  0.746735493  0.746655154
  0.746037352  0.75691241  0.784871617  0.758489929
  4.49999989E-05  0.896686273  0.896860571  0.750184144  0.750095843  0.7494473
  0.7604813  0.788169063  0.761968256
  4.99999987E-05  0.89730388  0.897482491  0.75327359  0.753178696  0.752506824
  0.763777825  0.791187601  0.765123874
  5.49999986E-05  0.897879431  0.898062032  0.756036009  0.755935872
  0.755245683  0.766830749  0.793957502  0.76798021
  5.99999985E-05  0.89842412  0.898610645  0.758438887  0.758333722
  0.757625873  0.769516207  0.796381556  0.770464816
  6.49999984E-05  0.89893288  0.899123093  0.76080823  0.760697604  0.759974375
  0.772166899  0.798777373  0.772915961
  6.99999982E-05  0.899422101  0.899615795  0.762930699  0.762813339
  0.762077316  0.774505934  0.800884537  0.775100451
  7.49999981E-05  0.899883199  0.90008012  0.765029573  0.764905195
  0.764158247  0.776827669  0.802978912  0.777263859
  7.9999998E-05  0.900328327  0.900528293  0.766887842  0.766756203
  0.765999173  0.778892337  0.804833312  0.779178377
  8.49999979E-05  0.900747967  0.90095077  0.768799446  0.768660472
  0.767894971  0.781022586  0.806753241  0.781151734
  8.99999977E-05  0.901160285  0.90136583  0.770418884  0.77027528  0.769498059
  0.782825633  0.808381368  0.782822415
  9.49999976E-05  0.901550781  0.901758905  0.772098468  0.771950088
  0.771162604  0.7847011  0.810080078  0.784558412
  9.99999975E-05  0.901930253  0.902140866  0.773652725  0.773500048
  0.772703154  0.786444021  0.811661135  0.786172497
  0.000149999996  0.90516005  0.905391072  0.785524005  0.785321923
  0.784465965  0.800528674  0.824387068  0.7988178
  0.000199999995  0.907730138  0.907976411  0.793560358  0.793302259
  0.792428902  0.810774695  0.833569531  0.807587615
  0.000249999994  0.909905449  0.910164108  0.80005903  0.799754218
  0.798868332  0.818902998  0.840837508  0.814624816
  0.000299999992  0.911797009  0.912065979  0.80550905  0.805162739
  0.804268583  0.825816941  0.846983286  0.820573895
  0.000349999991  0.91350212  0.913779871  0.809937886  0.809553383
  0.808663395  0.831658326  0.852099491  0.825487495
  0.00039999999  0.915048103  0.915333504  0.813817489  0.813395677
  0.812515769  0.836876915  0.856637303  0.829824097
  0.000449999989  0.916471166  0.916763471  0.817242008  0.816783123
  0.815915558  0.841535578  0.860685207  0.833679635
  0.000499999987  0.91780364  0.918102181  0.820115294  0.81961906  0.818772096
  0.845668518  0.86428632  0.836971507
  0.000549999986  0.919045533  0.919349678  0.822766236  0.822233893
  0.821407587  0.849535102  0.867663186  0.839992869
  0.000599999985  0.92020524  0.920514435  0.8252869  0.824719361  0.823914018
  0.853240689  0.870907029  0.842843444
  0.000649999984  0.921323007  0.921636891  0.827765071  0.827170118
  0.826359382  0.856398072  0.873639683  0.845522535
  0.000699999982  0.922368879  0.922687032  0.830286893  0.829663843
  0.828854162  0.859623914  0.876434527  0.848255761
  0.000749999981  0.923384522  0.923706677  0.832435684  0.831784536
  0.83097254  0.862421366  0.878827467  0.850601405
  0.00079999998  0.924338852  0.924664668  0.834657752  0.833977818
  0.833170073  0.865335525  0.88132759  0.853036821
  0.000849999979  0.925273322  0.925602585  0.836537093  0.835833402
  0.83501571  0.867780729  0.883411326  0.855115587
  0.000899999977  0.926155679  0.926488111  0.838497324  0.837769073
  0.836947694  0.870351185  0.885608802  0.85729078
  0.000949999976  0.927018809  0.927354244  0.840099  0.83934737  0.838529946
  0.872662493  0.887566321  0.859120272
  0.00100000005  0.927852254  0.928190496  0.84154734  0.840772591  0.839964532
  0.874889038  0.889443246  0.860808392
  0.00150000007  0.934983538  0.935342335  0.853995458  0.853001183
  0.852275321  0.893417465  0.904990987  0.875052269
  0.00200000009  0.940718354  0.941088924  0.863231068  0.862039872
  0.861373918  0.907195263  0.916521225  0.88565511
  0.00250000012  0.945596677  0.945973862  0.86998941  0.868628691  0.868005916
  0.918358229  0.92582417  0.893649182
  0.00300000014  0.949911745  0.950292154  0.875765467  0.874277846  0.87362197
  0.927531159  0.933447039  0.900253987
  0.00350000017  0.953791544  0.954172771  0.881322838  0.879738755
  0.878987598  0.93553894  0.940085022  0.906394426
  0.00400000019  0.957345438  0.95772569  0.886224163  0.884555341  0.883697809
  0.942621417  0.945896639  0.911861258
  0.00450000021  0.960632521  0.961010336  0.890322729  0.888571559
  0.887612916  0.94903355  0.951082836  0.916552003
  0.00500000024  0.963692036  0.964066219  0.893900419  0.89207091  0.891013527
  0.955023512  0.955858834  0.920717435
  0.00550000026  0.966594101  0.966963731  0.897160724  0.895267931
  0.894091291  0.960400012  0.960062625  0.924499712
  0.00600000028  0.969343583  0.969707884  0.900173646  0.898225501
  0.896916082  0.965412131  0.963931987  0.928009158
  0.00650000031  0.971923872  0.972282123  0.903151379  0.901151318
  0.899710662  0.970444684  0.967789562  0.9314878
  0.00700000033  0.974441413  0.974793099  0.905593479  0.90355766  0.901961325
  0.974702318  0.970993024  0.934382221
  0.00750000036  0.976797294  0.977141837  0.908153165  0.906082015
  0.904343427  0.97927253  0.974432019  0.937421951
  0.00800000038  0.979122825  0.979459927  0.910260945  0.908166884
  0.906275362  0.983109162  0.977262488  0.939999224
  0.0085000004  0.981314432  0.98164358  0.912480249  0.910363675  0.908329939
  0.987236404  0.980308386  0.942713548
  0.00900000043  0.983468123  0.983789118  0.914148629  0.91200697  0.909819274
  0.990894023  0.98298844  0.944841456
  0.00950000045  0.985537432  0.985849886  0.915685268  0.913517514
  0.911173085  0.994550021  0.985659515  0.94683869
  0.00999999978  0.987521435  0.987825043  0.917275074  0.915085152
  0.912582682  0.998299426  0.98839216  0.948865522
  0.0149999997  1.00492946  1.00513573  0.938366431  0.936533797  0.932200018
  1.02911634  1.00991605  0.970081059
  0.0199999996  1.01898618  1.01908693  0.961210178  0.96018548  0.954467044
  1.05374328  1.02647169  0.99139725
  0.0249999994  1.03062119  1.03061773  0.976143061  0.975840499  0.969736835
  1.07307733  1.0403728  1.0061145
  0.0299999993  1.04009097  1.0399878  0.987911237  0.988300358  0.982595999
  1.08883088  1.05352051  1.01751603
  0.0349999992  1.04787682  1.04768111  0.998573856  0.999624259  0.994987057
  1.09990087  1.06530864  1.02723361
  0.0399999991  1.05415217  1.05387315  1.00753399  1.00913733  1.00611878
  1.10660539  1.07459499  1.03515923
  0.044999999  1.05905678  1.05870451  1.01416003  1.01614763  1.01513948
  1.10992049  1.08166685  1.04103144
  0.0499999989  1.0627939  1.06237702  1.01912922  1.02135508  1.02257715
  1.11082439  1.08710944  1.04544309
  0.0549999988  1.06563677  1.06516154  1.02295257  1.025309  1.02888129
  1.10991143  1.0914125  1.04882742
  0.0599999987  1.06760498  1.06708015  1.02541875  1.02776993  1.03362169
  1.10698795  1.09425028  1.05107397
  0.0649999985  1.06867782  1.0681124  1.02643403  1.02868451  1.03635644
  1.1024837  1.09562046  1.05212095
  0.0699999984  1.06944446  1.06884145  1.02694414  1.02904494  1.03850949
  1.09677587  1.09650308  1.05276594
  0.0749999983  1.06931675  1.06868552  1.02609548  1.02803156  1.03828208
  1.09036414  1.09579604  1.05226866
  0.0799999982  1.0691048  1.06844778  1.02498668  1.02673025  1.03772505
  1.08288512  1.09478995  1.0516185
  0.0849999981  1.06844666  1.06776634  1.0233586  1.02494932  1.03587592
  1.07596153  1.09277165  1.05060767
  0.089999998  1.06768038  1.06697966  1.02143137  1.02286024  1.03343401
  1.06848272  1.09022644  1.04945576
  0.0949999979  1.06661941  1.06590154  1.01946654  1.02075009  1.03079868
  1.06111556  1.08721794  1.04821728
  0.100000001  1.0649989  1.06426917  1.01766653  1.01887714  1.02811732
  1.05535525  1.08363578  1.04686812
  0.150000002  1.04544157  1.0446757  1.00303214  1.00330496  1.00503029
  1.01029204  1.03326382  1.03334238
  0.200000003  1.02690137  1.02609022  0.99811155  0.997946617  0.996820509
  0.993199579  0.992807341  1.02242949
  0.250000004  1.00633806  1.00550701  0.997381856  0.997210628  0.995635719
  0.990454027  0.981685477  1.00862109
  0.300000004  0.981581537  0.980795662  0.996906861  0.996797601  0.994964194
  0.988940016  0.974834375  0.988510297
  0.350000005  0.954714781  0.95398788  0.996501204  0.99646876  0.99446986
  0.987978916  0.968511037  0.964090415
  0.400000006  0.927072704  0.926447687  0.996145559  0.996194193  0.994114401
  0.987478221  0.962685143  0.937222865
  0.450000007  0.9000283  0.899543499  0.995861427  0.995987156  0.993920926
  0.987485478  0.957712785  0.909664504
  0.500000007  0.875045962  0.874724092  0.995693812  0.995883917  0.993933223
  0.988075621  0.954011696  0.883315982
  0.550000008  0.853533057  0.853377181  0.995700559  0.995933409  0.994190568
  0.989311901  0.95216409  0.859794795
  0.600000009  0.837528706  0.837534026  0.995944421  0.996191392  0.994714733
  0.991176991  0.952792158  0.841324858
  0.65000001  0.828161429  0.828371131  0.996570742  0.996796963  0.995684178
  0.993912415  0.956708873  0.828875038
  0.70000001  0.829502863  0.829972206  0.998393456  0.998489197  0.998119107
  0.997956461  0.965878709  0.825868103
  0.750000011  0.854410722  0.855195984  1.0031456  1.00314558  1.00314566
  1.00314566  0.984018415  0.843087598
  0.800000012  0.940034103  0.941020656  1.00762467  1.00762466  1.00762467
  1.00762467  1.01212883  0.923021967
  0.850000013  1.09126409  1.09229763  1.00954615  1.00954614  1.00954614
  1.00954614  1.04723436  1.07407696
  0.900000013  1.311662  1.31240018  1.00201741  1.00201742  1.00201741
  1.00201741  1.08734738  1.29892754
  0.950000014  1.61233859  1.6125303  0.910202017  0.910201898  0.910202242
  0.910202242  1.1246646  1.60796259
  4096.
  9.99999975E-06  0.891713875  0.891855101  0.734553624  0.734528252
  0.734396846  0.740509186  0.774990926  0.743323253
  1.49999996E-05  0.893439675  0.893595464  0.743942974  0.74390927
  0.743741568  0.7506118  0.784795877  0.752983322
  1.99999995E-05  0.894802449  0.894969422  0.750599109  0.750559711
  0.750375541  0.758112803  0.791984751  0.75996455
  2.49999994E-05  0.895943691  0.896119821  0.755856403  0.75581159
  0.755619167  0.76408214  0.797677977  0.76546974
  2.99999992E-05  0.896933362  0.897117136  0.760375634  0.760324318
  0.760118883  0.769030069  0.802383343  0.770103617
  3.49999991E-05  0.897813432  0.898003823  0.76448205  0.764423273
  0.764199546  0.773327809  0.806441255  0.774245982
  3.9999999E-05  0.898608983  0.898805335  0.768120321  0.768054155
  0.767811856  0.777090749  0.80997316  0.777906393
  4.49999989E-05  0.899338447  0.899540113  0.771329897  0.771257255
  0.771001418  0.780466122  0.813116322  0.781160921
  4.99999987E-05  0.900012233  0.900218709  0.774220302  0.774142135
  0.773877632  0.783579144  0.815993171  0.784120681
  5.49999986E-05  0.900639255  0.900850173  0.776823634  0.776740825
  0.776470877  0.786456873  0.818633314  0.786811338
  5.99999985E-05  0.901231805  0.901447066  0.779091672  0.779004311
  0.778728857  0.788984352  0.820939382  0.789156395
  6.49999984E-05  0.901784985  0.902004278  0.781330469  0.781238223
  0.78095902  0.791482675  0.823222153  0.791472939
  6.99999982E-05  0.902315694  0.902538788  0.783321339  0.783223418
  0.782941385  0.793683445  0.825222501  0.79352591
  7.49999981E-05  0.902815668  0.903042302  0.785293193  0.785189429
  0.784905999  0.795870807  0.827214338  0.795562518
  7.9999998E-05  0.903297587  0.903527549  0.787035099  0.786925492
  0.786640541  0.797812017  0.828973604  0.797362613
  8.49999979E-05  0.903751936  0.903985001  0.788831353  0.788715811
  0.788430872  0.799819221  0.830799745  0.799222229
  8.99999977E-05  0.904197344  0.904433411  0.790343167  0.790223595
  0.789935611  0.801511542  0.832333663  0.800788686
  9.49999976E-05  0.904619285  0.904858168  0.7919152  0.791791457  0.79150185
  0.8032757  0.833938713  0.80242023
  9.99999975E-05  0.905028619  0.905270215  0.793367131  0.793239518
  0.792948592  0.804913797  0.835427547  0.803933289
  0.000149999996  0.908500123  0.908763839  0.804555703  0.804384416
  0.804102551  0.818158484  0.847399295  0.815843192
  0.000199999995  0.911246408  0.911526516  0.812251033  0.812032452
  0.811782342  0.827805914  0.856044051  0.824202131
  0.000249999994  0.913559942  0.913853225  0.818418109  0.818159584
  0.817938078  0.835461332  0.862863093  0.830875001
  0.000299999992  0.915565826  0.91586999  0.823586571  0.823292006
  0.823100449  0.841985405  0.86863959  0.836512774
  0.000349999991  0.91736702  0.917680399  0.82780795  0.827479989  0.827323902
  0.847492256  0.873451049  0.841180889
  0.00039999999  0.918996348  0.91931771  0.831512625  0.831151982  0.831034016
  0.852413972  0.877726675  0.845307012
  0.000449999989  0.920493112  0.920821618  0.834776192  0.834383206
  0.834303265  0.856807558  0.881535286  0.848966331
  0.000499999987  0.921890314  0.922225223  0.83755305  0.837128023  0.83708909
  0.860700968  0.884904729  0.852120586
  0.000549999986  0.923190646  0.923531275  0.84013406  0.839678155
  0.839678789  0.864347355  0.888061673  0.855041928
  0.000599999985  0.924403934  0.924749695  0.842603358  0.842117381
  0.842157132  0.867847097  0.891094496  0.8578219
  0.000649999984  0.925569719  0.925920214  0.844927307  0.844417064
  0.844471955  0.870823813  0.893643252  0.860349821
  0.000699999982  0.926660352  0.927015124  0.847295767  0.846760617
  0.846836595  0.873871771  0.896258593  0.86293282
  0.000749999981  0.927716197  0.928074956  0.849310621  0.848751122
  0.848842763  0.87650736  0.898491135  0.865145925
  0.00079999998  0.928708626  0.929071008  0.851399568  0.850815012
  0.850928827  0.879260089  0.900832225  0.867448791
  0.000849999979  0.929677914  0.93004369  0.853141467  0.852535838
  0.852659385  0.881565754  0.902774881  0.869385983
  0.000899999977  0.930593675  0.930962554  0.854964436  0.854336951
  0.854476384  0.8839958  0.904831128  0.871419227
  0.000949999976  0.931487239  0.931859035  0.856486971  0.855838738
  0.855998279  0.88617703  0.906660091  0.873158107
  0.00100000005  0.932349289  0.932723796  0.85788538  0.857216623  0.857400189
  0.888277781  0.908414164  0.874781348
  0.00150000007  0.939692621  0.940086225  0.869763983  0.868901014
  0.869287107  0.905753156  0.922908573  0.888395887
  0.00200000009  0.94555673  0.945960188  0.878472349  0.877437189  0.877974415
  0.918757441  0.933605478  0.898444496
  0.00250000012  0.950519894  0.950927863  0.884971169  0.883789718
  0.884445593  0.929302808  0.942214955  0.906137862
  0.00300000014  0.954889437  0.955298444  0.89050175  0.889210421  0.889900706
  0.93797037  0.949241495  0.912508472
  0.00350000017  0.958805111  0.959212712  0.895694957  0.894318299
  0.894981275  0.945550414  0.955349252  0.918328915
  0.00400000019  0.962379957  0.962784339  0.900240927  0.898789141
  0.899408443  0.952262186  0.960693076  0.923470158
  0.00450000021  0.965677527  0.966077235  0.904085509  0.902562173
  0.903137545  0.958343745  0.965466859  0.927922014
  0.00500000024  0.968740473  0.969134356  0.907483602  0.905893404
  0.906423021  0.964027828  0.969868821  0.93191889
  0.00550000026  0.971636231  0.972023382  0.910559232  0.908915454
  0.909373925  0.969118541  0.973734522  0.935524198
  0.00600000028  0.974372871  0.974752526  0.913396078  0.91170624  0.912078925
  0.973862838  0.977293642  0.938861885
  0.00650000031  0.97694045  0.977311927  0.916203109  0.914470555  0.914758426
  0.978633586  0.980851322  0.942173268
  0.00700000033  0.979433195  0.979796017  0.918508536  0.916747493
  0.916924079  0.982656818  0.983792277  0.944928634
  0.00750000036  0.981769212  0.982122817  0.920936623  0.919147596
  0.919226379  0.986990132  0.986965894  0.947835428
  0.00800000038  0.984062079  0.984406218  0.922926232  0.921120029
  0.921083971  0.990608445  0.989559682  0.950268486
  0.0085000004  0.986226322  0.986560503  0.925030241  0.923207382  0.92306732
  0.994513393  0.992364793  0.952841821
  0.00900000043  0.988343022  0.988667089  0.92669164  0.924852605  0.924595904
  0.997959875  0.994813056  0.954932154
  0.00950000045  0.990375974  0.990689562  0.928260178  0.926405234  0.9260301
  1.00140513  0.997251625  0.956929082
  0.00999999978  0.992325025  0.992627859  0.929887392  0.928020396  0.92752595
  1.00494264  0.999751039  0.958965684
  0.0149999997  1.00925071  1.00943876  0.950176355  0.948690028  0.946610734
  1.03369205  1.01917363  0.979585523
  0.0199999996  1.02269491  1.0227628  0.970877987  0.970139001  0.966803716
  1.05631162  1.03393334  0.999124337
  0.0249999994  1.03362293  1.03357471  0.984496988  0.984428024  0.980782529
  1.07371322  1.0460181  1.01267259
  0.0299999993  1.04242109  1.0422633  0.995326461  0.995899063  0.992647056
  1.0876195  1.05706041  1.0232798
  0.0349999992  1.04954558  1.04928718  1.00492351  1.00609634  1.00380284
  1.09713706  1.0664613  1.03212789
  0.0399999991  1.05518618  1.05483796  1.01276892  1.01443098  1.01356133
  1.10264408  1.07355994  1.03912442
  0.044999999  1.05950074  1.05907404  1.0184331  1.02042635  1.02130807
  1.10505678  1.0786867  1.0441704
  0.0499999989  1.06270709  1.06221158  1.02255279  1.02474383  1.02754443
  1.10527813  1.08237795  1.04783269
  0.0549999988  1.06507986  1.06452268  1.02559819  1.02788937  1.03268976
  1.10383941  1.08504967  1.05052307
  0.0599999987  1.06663575  1.06602634  1.02737584  1.02964599  1.0363491
  1.10059814  1.08645105  1.0521402
  0.0649999985  1.06736414  1.06671186  1.02786168  1.03003052  1.03820735
  1.0960251  1.0866531  1.0526814
  0.0699999984  1.06781631  1.06712481  1.02786  1.02988215  1.03948734
  1.09032492  1.08635734  1.05284434
  0.0749999983  1.06745625  1.06673475  1.02671936  1.02858734  1.03874177
  1.08419143  1.0848701  1.05204752
  0.0799999982  1.06702368  1.06627511  1.025305  1.02699083  1.03763877
  1.07703268  1.0830153  1.05109747
  0.0849999981  1.06615679  1.06538399  1.0235178  1.02506047  1.03552671
  1.070517  1.08046605  1.04986163
  0.089999998  1.06518371  1.06439007  1.02145684  1.02284758  1.03287866
  1.06349738  1.07742772  1.04849275
  0.0949999979  1.06395695  1.06314594  1.01936787  1.0206182  1.03006687
  1.05655143  1.07400141  1.04705399
  0.100000001  1.06224333  1.06141997  1.01749743  1.01867036  1.02732329
  1.05110708  1.07026792  1.04555629
  0.150000002  1.04244377  1.0415788  1.00248719  1.00270338  1.0040469
  1.00789667  1.02305918  1.03103929
  0.200000003  1.02355289  1.022638  0.997535729  0.997330793  0.995929648
  0.991698457  0.988845258  1.01939824
  0.250000004  1.00252315  1.0015913  0.996679279  0.996475461  0.994565126
  0.988655636  0.977833928  1.00477395
  0.300000004  0.977554922  0.97667757  0.996079679  0.995953038  0.993727294
  0.986834885  0.969824949  0.984112779
  0.350000005  0.950819985  0.950015484  0.995570553  0.995538157  0.993112195
  0.98566703  0.962429316  0.959588712
  0.400000006  0.923536678  0.92285146  0.995125939  0.995192523  0.992669933
  0.985040261  0.95557684  0.932955173
  0.450000007  0.897035862  0.896509998  0.994773238  0.994933448  0.992429465
  0.985016584  0.949680435  0.90592777
  0.500000007  0.872717706  0.872375141  0.994567448  0.994805292  0.992443111
  0.985689377  0.945241102  0.880306059
  0.550000008  0.852010638  0.851856224  0.99458009  0.994868736  0.992759119
  0.987139472  0.94298608  0.857716736
  0.600000009  0.83695693  0.83698887  0.9948892  0.995193347  0.993408727
  0.989356787  0.943710549  0.840363355
  0.65000001  0.828795969  0.829060945  0.99568805  0.995962756  0.994634072
  0.992641673  0.94848823  0.829333413
  0.70000001  0.831938013  0.832496407  0.997991897  0.998102846  0.997681115
  0.997504414  0.959871138  0.828444538
  0.750000011  0.860017141  0.860919262  1.00381228  1.00381225  1.00381234
  1.00381234  0.98260445  0.849712439
  0.800000012  0.947783055  0.948887815  1.00946471  1.00946471  1.00946472
  1.00946472  1.01792532  0.932589692
  0.850000013  1.09887169  1.09999647  1.01253817  1.01253818  1.01253817
  1.01253817  1.06284689  1.08357803
  0.900000013  1.31726442  1.3180551  1.00619364  1.00619364  1.00619363
  1.00619363  1.11605954  1.30588981
  0.950000014  1.61429626  1.61450523  0.915050334  0.91505023  0.915050541
  0.915050541  1.16893921  1.61032674
  16384.
  9.99999975E-06  0.893446643  0.893606509  0.753369419  0.753348325
  0.753338256  0.758605776  0.795557707  0.760724036
  1.49999996E-05  0.895324134  0.895499961  0.762367429  0.762339377
  0.762317754  0.768282011  0.805029124  0.769976085
  1.99999995E-05  0.896799625  0.896987637  0.768794187  0.768761092
  0.768739952  0.775445848  0.811954171  0.776682114
  2.49999994E-05  0.898031439  0.898229381  0.77388635  0.773848338
  0.773831286  0.781143254  0.817429631  0.78198529
  2.99999992E-05  0.899097515  0.899303728  0.778230928  0.778187189
  0.778169034  0.785866631  0.821949378  0.786438335
  3.49999991E-05  0.90004347  0.900256857  0.782126137  0.782076044
  0.782052095  0.789966047  0.825844005  0.7903828
  3.9999999E-05  0.900897335  0.90111715  0.78555703  0.785500734  0.785470549
  0.793554958  0.829233263  0.793852872
  4.49999989E-05  0.901678996  0.901904554  0.788586273  0.788524499
  0.788491461  0.796771444  0.832248212  0.796937434
  4.99999987E-05  0.902399982  0.902630739  0.791323644  0.791257078
  0.791224489  0.799734824  0.835007416  0.799747109
  5.49999986E-05  0.903070217  0.903305766  0.793800336  0.793729589
  0.793699551  0.802470971  0.837539308  0.802308135
  5.99999985E-05  0.903702859  0.90394305  0.795958673  0.795883787
  0.795855742  0.804870858  0.839746735  0.804541508
  6.49999984E-05  0.904293212  0.904537702  0.798091204  0.798011916
  0.797987298  0.80724591  0.841934821  0.806750158
  6.99999982E-05  0.904858548  0.905107085  0.799977508  0.799893313
  0.799872091  0.809334516  0.843846643  0.808699506
  7.49999981E-05  0.905390969  0.905643272  0.801848306  0.801759085
  0.801742451  0.811412808  0.845753051  0.810635959
  7.9999998E-05  0.905903526  0.906159365  0.80349769  0.803403556  0.803390824
  0.813253955  0.847432579  0.812345183
  8.49999979E-05  0.906386802  0.906645952  0.805202111  0.805102963
  0.805095625  0.815161293  0.849179961  0.814114361
  8.99999977E-05  0.906859669  0.907122002  0.806629486  0.806526743
  0.806521845  0.816764165  0.850638009  0.815598393
  9.49999976E-05  0.907307725  0.907573053  0.808116994  0.808010516
  0.808009457  0.818438263  0.852167437  0.81714721
  9.99999975E-05  0.90774183  0.908010035  0.809489304  0.809379295
  0.809382058  0.819991735  0.853583535  0.818581317
  0.000149999996  0.911412952  0.911704469  0.820132066  0.819982857
  0.820037325  0.832556879  0.864964226  0.829910082
  0.000199999995  0.914303661  0.914612319  0.827525079  0.827334771
  0.827451379  0.841716489  0.873180263  0.837920272
  0.000249999994  0.916729749  0.917052052  0.833413473  0.833188073
  0.833359264  0.848985591  0.879647311  0.844291652
  0.000299999992  0.91882832  0.919161804  0.838349148  0.838091727
  0.838316905  0.855189163  0.885132023  0.849676049
  0.000349999991  0.920706959  0.921049855  0.842392548  0.842105304
  0.842385536  0.860421058  0.889699377  0.854140793
  0.00039999999  0.922403231  0.922754245  0.845945615  0.845629169
  0.845965007  0.865098338  0.893760687  0.858091323
  0.000449999989  0.92395891  0.924317122  0.849073219  0.848727971
  0.849117748  0.869273262  0.897372984  0.861591086
  0.000499999987  0.925407603  0.925772222  0.851756918  0.851383493
  0.851826771  0.872969497  0.900557416  0.864624906
  0.000549999986  0.926754297  0.927124609  0.854260987  0.853860423
  0.854354947  0.876434237  0.903540273  0.867448478
  0.000599999985  0.928010047  0.928385428  0.856664203  0.856237205
  0.856782114  0.879763634  0.906406977  0.87014784
  0.000649999984  0.929213546  0.929593577  0.858862645  0.858413802
  0.85898735  0.882590704  0.908810109  0.872552092
  0.000699999982  0.930339381  0.930723591  0.861106539  0.860635233
  0.861243072  0.885491057  0.911282801  0.875012429
  0.000749999981  0.931426603  0.931814676  0.8630117  0.862518775  0.863154291
  0.887993076  0.913387618  0.8771163
  0.00079999998  0.932448856  0.932840418  0.864991747  0.864476482
  0.865146141  0.890612256  0.91560165  0.879310247
  0.000849999979  0.933445105  0.933839917  0.866628853  0.866094578
  0.866786842  0.892802081  0.917431644  0.881140319
  0.000899999977  0.934386839  0.934784596  0.868347006  0.867792943
  0.868513938  0.895115233  0.919374707  0.883066101
  0.000949999976  0.935303851  0.935704357  0.869801998  0.86922919
  0.869980625  0.897188356  0.921099882  0.88472961
  0.00100000005  0.936187877  0.936590924  0.871151587  0.87056024  0.871344866
  0.899184529  0.922754183  0.886293508
  0.00150000007  0.943691707  0.944111832  0.882520361  0.881754175
  0.882818725  0.915787451  0.936397279  0.899354406
  0.00200000009  0.949650031  0.950077768  0.890790194  0.889870563
  0.891146157  0.928147945  0.946425733  0.908944145
  0.00250000012  0.954672125  0.955102077  0.897043878  0.89599523  0.897437897
  0.938177369  0.954478152  0.916361056
  0.00300000014  0.95907652  0.959505214  0.902341538  0.901195731  0.902717823
  0.946421833  0.961027904  0.92250264
  0.00350000017  0.963012503  0.96343753  0.907233135  0.90601077  0.90755278
  0.95364123  0.966713144  0.928049922
  0.00400000019  0.966595967  0.96701556  0.911495227  0.910205535  0.911747795
  0.960038499  0.971683636  0.932927902
  0.00450000021  0.969894054  0.970306804  0.915129721  0.913776989
  0.915314735  0.965838248  0.976124954  0.937179176
  0.00500000024  0.972952206  0.973356992  0.918369759  0.916959024
  0.918487065  0.971260952  0.980222292  0.94102333
  0.00550000026  0.975835296  0.976231255  0.921287305  0.919830566
  0.921320737  0.976108721  0.983811973  0.944474477
  0.00600000028  0.978554153  0.978940598  0.923975607  0.922480007
  0.923916984  0.980625299  0.987115918  0.947665576
  0.00650000031  0.981104607  0.981480883  0.926639202  0.925108014
  0.926492398  0.98517286  0.990424811  0.950835163
  0.00700000033  0.983570101  0.983935787  0.928829033  0.927275063
  0.928578624  0.988996013  0.993146185  0.953471315
  0.00750000036  0.985883538  0.986238115  0.931144872  0.929568719
  0.930804889  0.993126006  0.996095664  0.956263069
  0.00800000038  0.988142948  0.988486191  0.93303936  0.931450793  0.93259817
  0.996557705  0.998488247  0.95858312
  0.0085000004  0.990278634  0.990610104  0.935050222  0.933449897  0.934519344
  1.00027173  1.00108675  0.961045755
  0.00900000043  0.992358792  0.992678374  0.936690601  0.935080782
  0.936057728  1.00353776  1.00333884  0.963091874
  0.00950000045  0.99435599  0.994663359  0.938264308  0.936646062  0.937528786
  1.00680272  1.0055806  0.965068841
  0.00999999978  0.996270714  0.996565626  0.939899601  0.938276709  0.93906454
  1.01015878  1.00788197  0.967091365
  0.0149999997  1.01274768  1.01291265  0.959366237  0.958138007  0.957515076
  1.0371749  1.02553941  0.98702634
  0.0199999996  1.02564672  1.02567936  0.978346054  0.977818571  0.976055262
  1.05813538  1.03875205  1.0051223
  0.0249999994  1.03596621  1.0358732  0.990873788  0.990974705  0.988957263
  1.07395762  1.04927545  1.01767811
  0.0299999993  1.04419086  1.04398058  1.00087754  1.00157843  0.999942319
  1.08636787  1.05857552  1.02754076
  0.0349999992  1.05075718  1.05044021  1.00957103  1.01082258  1.01006026
  1.09463196  1.06612563  1.03560464
  0.0399999991  1.05586789  1.05545636  1.01650393  1.01819415  1.01870948
  1.09917004  1.07155847  1.04180781
  0.044999999  1.0596947  1.05920099  1.02138744  1.02336713  1.02543861
  1.10085279  1.07522507  1.04615872
  0.0499999989  1.06246564  1.06190024  1.02482375  1.02696965  1.03072608
  1.10052248  1.07761703  1.04920096
  0.0549999988  1.06445388  1.06382462  1.02724843  1.0294708  1.03496455
  1.09865802  1.07908841  1.05132536
  0.0599999987  1.06567373  1.06499054  1.02848611  1.03067529  1.03779205
  1.09515984  1.07945058  1.05244149
  0.0649999985  1.06612299  1.06539544  1.02856473  1.03065186  1.03898873
  1.09052509  1.07882632  1.05258971
  0.0699999984  1.06631939  1.06555163  1.02817076  1.03011322  1.0396119
  1.08482122  1.07769879  1.05237982
  0.0749999983  1.06576903  1.0649701  1.02681646  1.02861236  1.03849279
  1.07889273  1.07569086  1.05135733
  0.0799999982  1.06515398  1.06432721  1.02517736  1.02679868  1.03699478
  1.071969  1.07326534  1.05017965
  0.0849999981  1.06412213  1.06327061  1.0232806  1.02476553  1.03470414
  1.06575693  1.07038892  1.04878125
  0.089999998  1.06298646  1.06211395  1.02113042  1.02247034  1.03192172
  1.05907995  1.06705707  1.04725715
  0.0949999979  1.06162907  1.06073916  1.01895996  1.02016289  1.02899823
  1.05245288  1.06339532  1.04567688
  0.100000001  1.0598434  1.05894077  1.01705184  1.01817425  1.02623207
  1.04726083  1.05962949  1.04408157
  0.150000002  1.03982841  1.03887933  1.0019116  1.00207311  1.00306213
  1.00576824  1.01538223  1.02895058
  0.200000003  1.02062402  1.01962179  0.996982401  0.996741803  0.995090613
  0.990335783  0.985462551  1.01675537
  0.250000004  0.99920958  0.998194102  0.996012735  0.995781115  0.993568501
  0.987035838  0.974265655  1.00145729
  0.300000004  0.974081199  0.97312915  0.995299563  0.995159351  0.992581943
  0.984949996  0.96522686  0.980356255
  0.350000005  0.947479298  0.946612547  0.994697351  0.994667115  0.991860311
  0.983605463  0.956883052  0.955771263
  0.400000006  0.920521214  0.919788907  0.99417359  0.994258269  0.991342588
  0.982872497  0.949121795  0.929360263
  0.450000007  0.894500536  0.893944039  0.993761218  0.993954  0.991063043
  0.98282631  0.942406495  0.90279995
  0.500000007  0.870767401  0.870411712  0.993524237  0.993806061  0.99108156
  0.983577235  0.937315477  0.87781172
  0.550000008  0.850770526  0.850622045  0.993546962  0.993886167  0.991455033
  0.985222612  0.934712994  0.856033681
  0.600000009  0.836558866  0.836618409  0.993921866  0.994276991  0.992225039
  0.987759553  0.935560561  0.839659845
  0.65000001  0.829472561  0.82978979  0.994892212  0.995208379  0.993699879
  0.991543781  0.94118848  0.829885104
  0.70000001  0.834219047  0.834857975  0.997665999  0.997787053  0.997332892
  0.997149757  0.954720367  0.830879196
  0.750000011  0.865015094  0.866018559  1.00447453  1.0044745  1.0044746
  1.0044746  0.981886509  0.855572207
  0.800000012  0.954541322  0.955745917  1.01121129  1.01121128  1.01121129
  1.01121129  1.02413666  0.940830253
  0.850000013  1.10545182  1.10665277  1.01541141  1.01541141  1.01541141
  1.01541141  1.07864015  1.09169255
  0.900000013  1.32209917  1.32293362  1.01039731  1.01039732  1.0103973
  1.0103973  1.14507789  1.31183316
  0.950000014  1.61599589  1.61621954  0.922349671  0.922349575  0.922349851
  0.922349851  1.21474285  1.61236762
