  4.
  9.99999975E-06  0.87826086  0.878260861  0.647832724  0.647732686
  0.621123359  0.649454889  0.461966808  0.661643068
  1.49999996E-05  0.878553255  0.878553255  0.670542307  0.670502318
  0.64294361  0.662339827  0.488992143  0.679826775
  1.99999995E-05  0.878818999  0.878819  0.681024284  0.68102352  0.652017854
  0.672461339  0.506738727  0.69077131
  2.49999994E-05  0.87905952  0.879059519  0.684201071  0.684215676
  0.653603783  0.679792513  0.518003745  0.695715959
  2.99999992E-05  0.879284597  0.879284598  0.686271653  0.686268321
  0.654327864  0.685231422  0.52628572  0.697519966
  3.49999991E-05  0.879493781  0.879493784  0.69140248  0.691351312
  0.658613056  0.68992409  0.534187202  0.701261113
  3.9999999E-05  0.879693287  0.879693285  0.698091906  0.697997721
  0.664796313  0.694060834  0.541313286  0.707043382
  4.49999989E-05  0.879882475  0.879882477  0.703799779  0.703692316
  0.670068093  0.697713329  0.547005358  0.712576511
  4.99999987E-05  0.880061728  0.880061732  0.708011383  0.707910088
  0.67378772  0.701218705  0.551706077  0.717147904
  5.49999986E-05  0.880233889  0.880233891  0.710728067  0.710638767
  0.675903344  0.704815187  0.555841302  0.72062063
  5.99999985E-05  0.880404396  0.880404394  0.712452562  0.712339415
  0.676964167  0.707975366  0.559120947  0.722848747
  6.49999984E-05  0.880565071  0.88056507  0.714121392  0.713976384
  0.677991043  0.710936709  0.562369063  0.724967683
  6.99999982E-05  0.880722118  0.880722113  0.716053995  0.715866716
  0.67942448  0.713120675  0.565784455  0.727256959
  7.49999981E-05  0.880872082  0.880872079  0.717876209  0.717666303
  0.680756094  0.715219651  0.568847909  0.729436451
  7.9999998E-05  0.881021802  0.8810218  0.7193375  0.719157382  0.681755477
  0.716964837  0.570826231  0.73121995
  8.49999979E-05  0.881163122  0.881163119  0.720804832  0.720654536
  0.682760884  0.718732581  0.572814499  0.73298103
  8.99999977E-05  0.881306418  0.881306421  0.722035129  0.721907828
  0.683575091  0.720182524  0.57436418  0.7339387
  9.49999976E-05  0.881441943  0.881441935  0.723282501  0.723178559
  0.684403678  0.721666511  0.575942831  0.73491135
  9.99999975E-05  0.881576899  0.881576893  0.724782074  0.724682737
  0.685574193  0.723096743  0.578462803  0.736158684
  0.000149999996  0.882797358  0.882797356  0.736513921  0.736335388
  0.694467912  0.736342236  0.601273459  0.749500119
  0.000199999995  0.883857517  0.883857518  0.740343189  0.740142211
  0.695266838  0.747048581  0.60829378  0.757318558
  0.000249999994  0.884814099  0.884814095  0.744695883  0.744443641
  0.697418194  0.755106  0.616852548  0.762942804
  0.000299999992  0.885688417  0.885688415  0.749276995  0.748977567
  0.70027687  0.761653083  0.626757867  0.768529412
  0.000349999991  0.886513205  0.886513203  0.75223396  0.751933168
  0.701568407  0.767517653  0.634121169  0.773015049
  0.00039999999  0.88728695  0.887286949  0.754723768  0.75442129  0.702538731
  0.772948028  0.639138098  0.777146279
  0.000449999989  0.888020033  0.888020028  0.757840466  0.757489955
  0.704458411  0.777689769  0.642618858  0.782366681
  0.000499999987  0.888729526  0.888729517  0.758988402  0.758599514
  0.704179901  0.781793122  0.646313965  0.785500615
  0.000549999986  0.889405171  0.889405161  0.758819873  0.758415503
  0.702438657  0.785636143  0.650697263  0.786189932
  0.000599999985  0.890045053  0.890045048  0.75766421  0.757263544
  0.699583943  0.789315671  0.655693319  0.78487639
  0.000649999984  0.890684491  0.890684477  0.760289759  0.759841805
  0.701527108  0.79251177  0.659878917  0.787913297
  0.000699999982  0.89128504  0.891285039  0.762947684  0.762449941
  0.703523673  0.795741338  0.663923828  0.79094469
  0.000749999981  0.891885065  0.89188505  0.764781983  0.76423242  0.704561246
  0.798690816  0.666808936  0.792744774
  0.00079999998  0.892449337  0.892449335  0.766747279  0.766148985
  0.705768115  0.801724765  0.669815162  0.794760902
  0.000849999979  0.89302155  0.893021533  0.769933401  0.769334719
  0.708789676  0.804355709  0.673282756  0.798945207
  0.000899999977  0.893560154  0.893560151  0.773162455  0.77256399
  0.711873786  0.807068521  0.676828179  0.803200989
  0.000949999976  0.894100484  0.894100469  0.774615013  0.774014808
  0.712721319  0.809520846  0.679500017  0.805424042
  0.00100000005  0.894627524  0.894627509  0.775215205  0.77461219  0.712480963
  0.811878289  0.681770546  0.806672577
  0.00150000007  0.899374207  0.899374183  0.783020362  0.782296439
  0.714574102  0.832308481  0.701714929  0.818271667
  0.00200000009  0.903500383  0.903500355  0.792279562  0.791382827
  0.721102815  0.847397408  0.718408465  0.830765201
  0.00250000012  0.907207  0.907206985  0.796335628  0.795320857  0.721660486
  0.859590762  0.73201377  0.837688773
  0.00300000014  0.910647086  0.910647065  0.799036965  0.797934278
  0.721280578  0.869615917  0.743476893  0.840909852
  0.00350000017  0.913848314  0.913848294  0.804824526  0.803621913
  0.725882134  0.87812312  0.7540737  0.846742877
  0.00400000019  0.916869107  0.916869092  0.811242286  0.809948058
  0.731863404  0.885476194  0.763703252  0.854117819
  0.00450000021  0.919740826  0.919740826  0.81579839  0.814440184  0.735582529
  0.892133593  0.772213468  0.859669728
  0.00500000024  0.922473263  0.922473271  0.81875381  0.817352672  0.737305421
  0.898444786  0.779794099  0.863210214
  0.00550000026  0.925129108  0.925129121  0.821749015  0.820307175
  0.739419055  0.904449404  0.786389912  0.866900837
  0.00600000028  0.927698772  0.92769882  0.824750685  0.823237921  0.741739186
  0.910181026  0.792327557  0.870775888
  0.00650000031  0.930121043  0.93012105  0.827789721  0.826191768  0.744207098
  0.915950529  0.798057836  0.874791749
  0.00700000033  0.932588966  0.932589057  0.830153453  0.828467994
  0.745962993  0.920951365  0.803170005  0.877852816
  0.00750000036  0.93487944  0.934879447  0.832547626  0.830776424  0.747771177
  0.926182688  0.808412166  0.880967974
  0.00800000038  0.937224111  0.937224248  0.835337556  0.833557552
  0.750575402  0.930613985  0.811948083  0.885815138
  0.0085000004  0.939413377  0.939413433  0.838179353  0.836392833  0.753466653
  0.935282327  0.815608989  0.890744068
  0.00900000043  0.941643301  0.941643499  0.838641925  0.836798801
  0.752799931  0.939459314  0.818991421  0.892736643
  0.00950000045  0.943795505  0.943795693  0.83835863  0.836441687  0.750977769
  0.943607562  0.822356307  0.893826373
  0.00999999978  0.945863234  0.945863301  0.837966791  0.835971284
  0.748990715  0.947883479  0.825851821  0.894603155
  0.0149999997  0.965369345  0.965369449  0.847977972  0.84549144  0.755162731
  0.991816048  0.859917815  0.902749397
  0.0199999996  0.982988959  0.982989025  0.881559456  0.879258615  0.803236645
  1.03592574  0.885384794  0.937071521
  0.0249999994  0.999609994  0.999612092  0.900091399  0.897788218  0.829756759
  1.07499273  0.904012654  0.960042165
  0.0299999993  1.01399299  1.01399388  0.909932124  0.907533961  0.843873224
  1.10911017  0.921021161  0.970157522
  0.0349999992  1.02686968  1.02686976  0.920921422  0.918525297  0.860881256
  1.13519701  0.956782708  0.977629231
  0.0399999991  1.03826856  1.03826919  0.933040642  0.9307393  0.880402962
  1.15251898  0.990933867  0.986431535
  0.044999999  1.04814603  1.04814896  0.943024509  0.940845111  0.89693096
  1.16238351  1.0215684  0.993385201
  0.0499999989  1.0565367  1.05654164  0.951704079  0.949704264  0.911699169
  1.16646764  1.04946911  0.999225643
  0.0549999988  1.06356264  1.06356611  0.959738463  0.957964359  0.925689534
  1.16612382  1.07558577  1.00447974
  0.0599999987  1.06925456  1.06925701  0.967183573  0.965664857  0.938910723
  1.16075446  1.09925593  1.00928101
  0.0649999985  1.07356795  1.07357217  0.973584084  0.972263325  0.950451716
  1.15036559  1.11965322  1.01346723
  0.0699999984  1.07727051  1.07727129  0.979906207  0.978800388  0.962024336
  1.13705276  1.13988568  1.01747635
  0.0749999983  1.07905386  1.07905616  0.984723269  0.983794459  0.970916571
  1.11901808  1.15526449  1.01989412
  0.0799999982  1.0805631  1.0805639  0.989690279  0.988980124  0.980201626
  1.09837593  1.17115403  1.02217028
  0.0849999981  1.08204239  1.08204495  0.993102558  0.992573067  0.986647903
  1.07760196  1.18275523  1.02486824
  0.089999998  1.08346353  1.0834657  0.996228088  0.99589243  0.992617287
  1.05510927  1.19366213  1.02770242
  0.0949999979  1.08416184  1.08416121  0.998572009  0.998404857  0.997145326
  1.03476173  1.20277129  1.02991735
  0.100000001  1.08363393  1.08363256  0.999122665  0.999016284  0.998237978
  1.02170156  1.20748946  1.0309406
  0.150000002  1.06576898  1.06575765  1.  1.  1.  1.  1.17826153  1.0382526
  0.200000003  1.04896471  1.04894924  1.  1.  1.  1.  1.03457683  1.04215455
  0.250000004  1.03217229  1.03215703  1.  1.  1.  1.  1.  1.03619112
  0.300000004  1.00964561  1.00964394  1.  1.  1.  1.  1.  1.02152364
  0.350000005  0.982493422  0.982472291  1.  1.  1.  1.  1.  0.998946638
  0.400000006  0.952877655  0.952843381  1.  1.  1.  1.  1.  0.971123391
  0.450000007  0.922379114  0.922347755  1.  1.  1.  1.  1.  0.939885258
  0.500000007  0.893085574  0.893070418  1.  1.  1.  1.  1.  0.908250751
  0.550000008  0.866349384  0.866340747  1.  1.  1.  1.  1.  0.878024573
  0.600000009  0.844372076  0.844348174  1.  1.  1.  1.  1.  0.852056726
  0.65000001  0.827603787  0.827586574  1.  1.  1.  1.  1.  0.830411015
  0.70000001  0.81830494  0.818301695  1.  1.  1.  1.  1.  0.815033028
  0.750000011  0.820879186  0.820892292  1.  1.  1.  1.  1.  0.802270744
  0.800000012  0.888486677  0.888580954  1.  1.  1.  1.  1.  0.855628491
  0.850000013  1.03867619  1.03898168  1.  1.  1.  1.  1.  1.00468247
  0.900000013  1.27251651  1.27283211  1.  1.  1.  1.  1.  1.24817984
  0.950000014  1.59902227  1.59908554  1.  1.  1.  1.  1.  1.59176484
  16.
  9.99999975E-06  0.882022784  0.882060602  0.682590192  0.682553388
  0.672560616  0.687381787  0.653404949  0.695329531
  1.49999996E-05  0.882770799  0.88281333  0.697992098  0.697975744
  0.687091939  0.699878663  0.667299911  0.709239435
  1.99999995E-05  0.883393696  0.883439986  0.706656748  0.706651924
  0.694953226  0.708868317  0.676854841  0.718119958
  2.49999994E-05  0.883932456  0.883981986  0.711804614  0.711800945
  0.699399003  0.715682685  0.683845345  0.723822541
  2.99999992E-05  0.884410335  0.884462553  0.716094844  0.716080092
  0.703089148  0.721098257  0.689383434  0.728083286
  3.49999991E-05  0.884844664  0.88489917  0.720946605  0.720912526
  0.707482398  0.725754943  0.694324261  0.732591126
  3.9999999E-05  0.88524369  0.885300355  0.725731624  0.725682108  0.711874371
  0.7297667  0.698508927  0.737096182
  4.49999989E-05  0.885615235  0.885673819  0.729786033  0.729731092
  0.715575674  0.733326228  0.702091883  0.741085643
  4.99999987E-05  0.885963195  0.886023442  0.733102408  0.733047449
  0.718556248  0.736620681  0.705290422  0.744521335
  5.49999986E-05  0.886291199  0.886352923  0.735735426  0.735680803
  0.720848604  0.739713343  0.70816787  0.747405906
  5.99999985E-05  0.886605061  0.886668401  0.737848629  0.73778347
  0.722623719  0.7423932  0.710628276  0.749707921
  6.49999984E-05  0.88689935  0.886964236  0.739907342  0.739829914
  0.724355166  0.744983488  0.713041841  0.75194033
  6.99999982E-05  0.887185916  0.887252297  0.741870337  0.741780818
  0.726048323  0.74717304  0.715255551  0.754019439
  7.49999981E-05  0.887457115  0.887524881  0.743774908  0.743679313
  0.727687039  0.749319112  0.717390986  0.756035527
  7.9999998E-05  0.887721941  0.887790996  0.745417863  0.745332491
  0.729080565  0.751201314  0.719175094  0.757756778
  8.49999979E-05  0.887971628  0.888041903  0.747086994  0.747011827
  0.730499485  0.753123604  0.721001676  0.759504685
  8.99999977E-05  0.88822019  0.888291614  0.74853124  0.748461749  0.731722362
  0.754758059  0.72264263  0.760930924
  9.49999976E-05  0.888455379  0.888527894  0.750009959  0.74994632
  0.732977456  0.756441746  0.724331544  0.762394945
  9.99999975E-05  0.888686645  0.888760223  0.751473698  0.751409872
  0.734245151  0.758014292  0.72605093  0.763864085
  0.000149999996  0.89070363  0.89078616  0.762406665  0.762304072  0.743421405
  0.770904971  0.739267817  0.775943027
  0.000199999995  0.892371655  0.892461054  0.768577711  0.768457046
  0.748060209  0.780651838  0.74713719  0.783605194
  0.000249999994  0.893826024  0.893921231  0.774070468  0.77392155
  0.752383046  0.788368206  0.754400199  0.789869113
  0.000299999992  0.89511615  0.895216365  0.778856567  0.77868409  0.756141874
  0.794795673  0.760848947  0.795336048
  0.000349999991  0.896306674  0.896411224  0.78249435  0.782315104
  0.758875273  0.800314144  0.765995945  0.799768086
  0.00039999999  0.897402859  0.897511209  0.785661078  0.785472197
  0.761213518  0.805291836  0.770246637  0.80370303
  0.000449999989  0.898424159  0.898536064  0.788673686  0.788458868
  0.763478944  0.80973185  0.773935196  0.807515472
  0.000499999987  0.899398258  0.899513477  0.790703838  0.790469263
  0.764790073  0.813692057  0.777506768  0.810340581
  0.000549999986  0.900314871  0.90043312  0.792244223  0.791997094
  0.765621338  0.817389864  0.781001473  0.812416547
  0.000599999985  0.901175802  0.901296829  0.79344161  0.793187796  0.76611034
  0.820918325  0.784461043  0.813911861
  0.000649999984  0.902020295  0.902143935  0.795845541  0.795565593
  0.768047106  0.823957815  0.787371463  0.816530429
  0.000699999982  0.902811976  0.902938048  0.798283949  0.797977293
  0.770030588  0.827039184  0.790293272  0.819187133
  0.000749999981  0.903594146  0.903722559  0.800288032  0.799957778
  0.771602446  0.829776043  0.792787416  0.82135502
  0.00079999998  0.904328758  0.904459357  0.802358773  0.802005965
  0.773246942  0.832597434  0.795355817  0.82361804
  0.000849999979  0.905058912  0.905191571  0.804527482  0.80417077
  0.775110777  0.834988921  0.797613703  0.826142848
  0.000899999977  0.905746856  0.905881452  0.806752086  0.806391707
  0.777033539  0.837474188  0.79995329  0.828742872
  0.000949999976  0.906428983  0.906565443  0.808179939  0.807815168
  0.778075234  0.839728763  0.801980221  0.830520226
  0.00100000005  0.90709113  0.907229368  0.809230488  0.808860935  0.778692852
  0.841904431  0.803881256  0.831911723
  0.00150000007  0.912910494  0.913063077  0.819390803  0.818929436
  0.785730184  0.860288822  0.820131069  0.844311536
  0.00200000009  0.917784056  0.917946749  0.828102874  0.827532348
  0.792514535  0.874023546  0.832843115  0.85479783
  0.00250000012  0.922049614  0.922219765  0.833357938  0.832710577
  0.795785925  0.885179793  0.843206561  0.86164578
  0.00300000014  0.925922316  0.92609811  0.837744776  0.837034642  0.798598937
  0.894396093  0.851925184  0.86672926
  0.00350000017  0.929468176  0.929648271  0.843181328  0.842402998
  0.803127546  0.902383851  0.859692295  0.872553806
  0.00400000019  0.932772892  0.932956319  0.848405403  0.847566381  0.80772354
  0.909422473  0.866609754  0.878404355
  0.00450000021  0.93587434  0.936060215  0.852411625  0.851526757  0.811001688
  0.915798883  0.872729011  0.883089576
  0.00500000024  0.938793882  0.938981445  0.855502353  0.85458138  0.813282147
  0.921778698  0.87827774  0.886772672
  0.00550000026  0.941605892  0.941794602  0.858461832  0.857503407
  0.815636842  0.927265105  0.883206983  0.890335159
  0.00600000028  0.944303294  0.944492669  0.861270503  0.860261247
  0.817927593  0.932420211  0.887712652  0.893782264
  0.00650000031  0.946840144  0.947029649  0.864056326  0.862989652
  0.820244891  0.93758242  0.892133105  0.897239037
  0.00700000033  0.949375264  0.94956458  0.866286778  0.865167719  0.822017899
  0.94202249  0.895847  0.900063429
  0.00750000036  0.951734365  0.951922999  0.868572846  0.867402215
  0.823858194  0.946717423  0.899732117  0.902967104
  0.00800000038  0.954119452  0.954307336  0.870679707  0.869491066
  0.825715593  0.950754415  0.902872906  0.9060338
  0.0085000004  0.956353236  0.95653989  0.872853038  0.871647583  0.827654307
  0.955038127  0.906175303  0.909195563
  0.00900000043  0.958596763  0.958782125  0.873780455  0.872535109
  0.827984333  0.958913142  0.909213814  0.910938637
  0.00950000045  0.960757528  0.960941233  0.87432479  0.873031391  0.827797363
  0.962788945  0.912255357  0.912257479
  0.00999999978  0.962830746  0.963012516  0.874854243  0.873511326
  0.827592497  0.966758997  0.915356715  0.913490034
  0.0149999997  0.981856719  0.982011436  0.89019361  0.888600435  0.842529812
  1.002772  0.941956125  0.929243541
  0.0199999996  0.998346598  0.998464207  0.916767462  0.915297861  0.876583689
  1.03525904  0.962520923  0.955868243
  0.0249999994  1.0131463  1.01322309  0.932496087  0.931061306  0.897221588
  1.06354965  0.980198368  0.973439473
  0.0299999993  1.02569431  1.025728  0.943066338  0.94165018  0.911622276
  1.08876509  0.999176761  0.984494683
  0.0349999992  1.03661781  1.03660945  0.95381976  0.952495744  0.927071359
  1.10845957  1.02332866  0.994316473
  0.0399999991  1.04600279  1.04595553  0.964309724  0.963136569  0.942657646
  1.12213496  1.04513476  1.00374089
  0.044999999  1.05388393  1.05380206  0.972802687  0.971802195  0.95566049
  1.1307121  1.06415078  1.01129437
  0.0499999989  1.06036689  1.06025351  0.980034773  0.979241015  0.967047539
  1.1354158  1.081039  1.01761703
  0.0549999988  1.06566541  1.06552131  0.986549761  0.985988829  0.977557115
  1.13720329  1.09653195  1.02315716
  0.0599999987  1.06980998  1.06963949  0.992286673  0.991964398  0.987004139
  1.13560065  1.11003626  1.02791226
  0.0649999985  1.07274267  1.0725516  0.996915951  0.996783889  0.994759138
  1.13081575  1.12100288  1.03169561
  0.0699999984  1.07519507  1.07498213  1.00139843  1.00146795  1.00240065
  1.12424129  1.13174877  1.03520799
  0.0749999983  1.07623848  1.07601228  1.00436855  1.00459126  1.00753478
  1.11503037  1.13885833  1.03730311
  0.0799999982  1.0771029  1.07686289  1.00740412  1.0078063  1.01286243
  1.10431731  1.14620297  1.03929571
  0.0849999981  1.07764651  1.07739402  1.00905086  1.00958247  1.01582699
  1.09354753  1.15046306  1.04092689
  0.089999998  1.07809457  1.07782954  1.01037429  1.0110326  1.01826317
  1.08177986  1.15405053  1.04248472
  0.0949999979  1.07800709  1.07773026  1.01113714  1.01189682  1.01973723
  1.07063897  1.15649821  1.0435622
  0.100000001  1.07696935  1.07668531  1.01064327  1.01142047  1.01897582
  1.06254318  1.1562516  1.04368967
  0.150000002  1.0584501  1.05814956  1.00298181  1.00329828  1.00553259
  1.01630944  1.10483931  1.04035006
  0.200000003  1.04120301  1.04088417  0.999762809  0.999737107  0.999552426
  0.998622653  1.01403551  1.03539398
  0.250000004  1.02294774  1.0226137  0.999540628  0.999500818  0.999147611
  0.997336135  0.994998292  1.02588494
  0.300000004  0.999459697  0.999143595  0.999475378  0.999448478  0.999054347
  0.997064362  0.992719947  1.00882967
  0.350000005  0.97228559  0.971974552  0.999419633  0.99940832  0.998989772
  0.996937449  0.990638804  0.985331919
  0.400000006  0.943279434  0.942995551  0.999371464  0.999376131  0.998948807
  0.996929791  0.988785374  0.957726833
  0.450000007  0.913971462  0.913741318  0.999333815  0.999353473  0.998934576
  0.997041192  0.987279459  0.927875117
  0.500000007  0.886189535  0.886030149  0.999315516  0.999347625  0.998956941
  0.997284041  0.986244495  0.898287149
  0.550000008  0.861284354  0.861190829  0.999328668  0.999369001  0.999025953
  0.997669704  0.985807037  0.87062348
  0.600000009  0.841354785  0.841310316  0.999383312  0.999426239  0.999141397
  0.998171382  0.986095586  0.847373933
  0.65000001  0.827092843  0.827126131  0.999505794  0.999545062  0.999332266
  0.998841192  0.987230975  0.828997181
  0.70000001  0.821258665  0.82139479  0.999894494  0.999903756  0.99986369
  0.999840094  0.989570621  0.817594224
  0.750000011  0.831939064  0.832220836  1.00097127  1.00097125  1.0009713
  1.0009713  0.993892201  0.816039837
  0.800000012  0.906725834  0.907157371  1.00160662  1.00160661  1.00160663
  1.00160663  1.00053133  0.880396303
  0.850000013  1.05771854  1.05830772  1.00099411  1.00099411  1.00099411
  1.00099411  1.00820723  1.03067797
  0.900000013  1.28678467  1.28726582  0.994953461  0.994953457  0.994953467
  0.994953467  1.01565491  1.26713126
  0.950000014  1.60380264  1.60391421  0.962424335  0.962424295  0.962424416
  0.962424416  1.02078473  1.59757063
  64.
  9.99999975E-06  0.885036845  0.885106355  0.720647076  0.720628381
  0.715537737  0.726163506  0.727743923  0.732434525
  1.49999996E-05  0.886115377  0.88619303  0.732704063  0.732695233
  0.727020336  0.737108516  0.738590567  0.743779114
  1.99999995E-05  0.886991427  0.887075493  0.740097363  0.740093099
  0.733917814  0.74494313  0.746168014  0.751296709
  2.49999994E-05  0.887738109  0.887827586  0.745159105  0.745153572
  0.738562797  0.750970626  0.751930554  0.756632392
  2.99999992E-05  0.888392982  0.888486957  0.749428766  0.749415945
  0.74247498  0.755835268  0.756611131  0.760914492
  3.49999991E-05  0.888982522  0.889080367  0.753653542  0.753630315
  0.746406295  0.760019172  0.760669369  0.764997307
  3.9999999E-05  0.889519762  0.889621185  0.757524996  0.757493981
  0.750014364  0.763630509  0.764136954  0.768740686
  4.49999989E-05  0.890016701  0.890121307  0.760831365  0.76079722
  0.753082148  0.766841508  0.767169819  0.77202251
  4.99999987E-05  0.890479351  0.890586774  0.763653626  0.763618536
  0.755680855  0.769795653  0.769914382  0.77491324
  5.49999986E-05  0.890912769  0.89102276  0.766041824  0.766005487
  0.757849836  0.772529268  0.772408666  0.777435778
  5.99999985E-05  0.891324834  0.891437498  0.768048443  0.768006345
  0.759647051  0.774901962  0.774579048  0.779550419
  6.49999984E-05  0.891710468  0.89182565  0.770011612  0.769963246
  0.761406617  0.777216377  0.776711839  0.781616304
  6.99999982E-05  0.892083883  0.892201478  0.771808985  0.771755586
  0.763030623  0.779218811  0.77860935  0.783481675
  7.49999981E-05  0.892436452  0.892556296  0.77356772  0.773511892
  0.764618251  0.781191598  0.780474454  0.785308547
  7.9999998E-05  0.892778621  0.892900553  0.775103705  0.775052532
  0.765994605  0.782932149  0.78210433  0.78689708
  8.49999979E-05  0.89310117  0.893225064  0.776672711  0.776626171
  0.767402817  0.78471717  0.78378027  0.7885225
  8.99999977E-05  0.893420244  0.893546026  0.778018018  0.777973233
  0.768606304  0.786231053  0.785240489  0.789892398
  9.49999976E-05  0.893722257  0.893849819  0.77940329  0.779360353
  0.769847739  0.78779683  0.786752147  0.791306495
  9.99999975E-05  0.894017477  0.894146766  0.78072207  0.780678262
  0.771035701  0.789254079  0.788186575  0.792661585
  0.000149999996  0.896560065  0.89670372  0.790678233  0.790610503
  0.779823307  0.801095252  0.799290685  0.803424832
  0.000199999995  0.89862244  0.898777033  0.797033422  0.796951865
  0.785205937  0.809955174  0.806897174  0.810681403
  0.000249999994  0.900394589  0.900558287  0.802392114  0.802292086
  0.78979968  0.81701057  0.813349597  0.816606299
  0.000299999992  0.901950462  0.90212189  0.806922622  0.806807676
  0.793646963  0.822953082  0.818873058  0.82164466
  0.000349999991  0.903370252  0.903548334  0.810520853  0.810399059
  0.796652199  0.828025461  0.823399535  0.825783359
  0.00039999999  0.904667423  0.904851339  0.813673236  0.81354221  0.79926024
  0.832585382  0.827335322  0.829448825
  0.000449999989  0.905868768  0.906058069  0.816521154  0.8163733  0.801609035
  0.836665447  0.830854528  0.832794167
  0.000499999987  0.907004681  0.907198933  0.818722241  0.818561417
  0.803351607  0.84030698  0.834096906  0.835496373
  0.000549999986  0.908068413  0.908267163  0.82064483  0.820474086
  0.804835424  0.843712508  0.837175981  0.837819371
  0.000599999985  0.909064509  0.90926736  0.822387194  0.82220892  0.806150439
  0.846969965  0.84015648  0.839870441
  0.000649999984  0.910033518  0.910240216  0.824573258  0.824378076
  0.808010396  0.849769282  0.842680244  0.842229117
  0.000699999982  0.910940996  0.91115124  0.826792681  0.826580441
  0.809909861  0.85261649  0.845238332  0.844629355
  0.000749999981  0.911830571  0.912044194  0.828671921  0.828445707
  0.811496089  0.855120172  0.847445346  0.846676104
  0.00079999998  0.912666011  0.912882768  0.830607708  0.830367992
  0.813139766  0.857711854  0.849729888  0.848797211
  0.000849999979  0.913490277  0.913709992  0.832385268  0.832141619
  0.814674936  0.859902589  0.851671042  0.850790473
  0.000899999977  0.914267524  0.914489998  0.83422211  0.833974639  0.81626875
  0.862190172  0.853697752  0.852858247
  0.000949999976  0.915033458  0.915258574  0.835579025  0.835327279
  0.817362564  0.864261531  0.855499431  0.854455658
  0.00100000005  0.915775125  0.916002747  0.836715434  0.836459165
  0.818222805  0.866260997  0.857219504  0.855841789
  0.00150000007  0.922210646  0.922457834  0.846986698  0.846659388
  0.826431996  0.883061236  0.871715196  0.867870779
  0.00200000009  0.927498254  0.927758427  0.855062156  0.854657574
  0.833125711  0.89565871  0.882780813  0.877305735
  0.00250000012  0.932065049  0.932334194  0.860500253  0.860040002
  0.837258588  0.905922093  0.891804456  0.883988454
  0.00300000014  0.936161638  0.936437048  0.865159874  0.864651958
  0.840910685  0.914413128  0.899326273  0.889372662
  0.00350000017  0.939881249  0.940160961  0.870143084  0.869585084  0.84523044
  0.92182576  0.905958115  0.894830486
  0.00400000019  0.943321295  0.943603849  0.874692167  0.874090172
  0.849265331  0.928395131  0.911816535  0.89992868
  0.00450000021  0.946528165  0.946812312  0.878329691  0.877693065
  0.852364508  0.934360477  0.917035344  0.904161955
  0.00500000024  0.949531088  0.949815767  0.881331143  0.880665396
  0.854816487  0.939953514  0.921820854  0.907740979
  0.00550000026  0.952404873  0.952689308  0.884132473  0.883435871
  0.857197807  0.945040202  0.926067671  0.911095313
  0.00600000028  0.955146644  0.955430132  0.886744855  0.88601038  0.859442828
  0.949808658  0.929971206  0.914260889
  0.00650000031  0.957722333  0.958004194  0.889323635  0.888547726
  0.861685555  0.954591391  0.933833076  0.917408865
  0.00700000033  0.960269273  0.960549032  0.891410357  0.890598708  0.86345836
  0.958693904  0.937073885  0.920019407
  0.00750000036  0.962644498  0.962921566  0.893568874  0.892722045
  0.865313379  0.963060057  0.940503529  0.922727739
  0.00800000038  0.965023029  0.965297178  0.89541169  0.894548095  0.866947708
  0.966799134  0.943357038  0.925226936
  0.0085000004  0.967256043  0.967526744  0.897329242  0.89644968  0.868667278
  0.970788618  0.946386878  0.927827968
  0.00900000043  0.969478228  0.969745304  0.89845917  0.897550754  0.869448247
  0.974381772  0.949125736  0.929568624
  0.00950000045  0.971616026  0.971879069  0.899359441  0.898417578
  0.869942678  0.977980007  0.951864072  0.931069447
  0.00999999978  0.973666307  0.973924977  0.900278672  0.899303031  0.87046619
  0.981667243  0.954656358  0.932553571
  0.0149999997  0.992137425  0.992342404  0.91685957  0.915745823  0.887706527
  1.01385348  0.977715284  0.950163662
  0.0199999996  1.007691  1.00783055  0.939329259  0.93832449  0.915278702
  1.04176275  0.995884151  0.972609861
  0.0249999994  1.02118778  1.02125852  0.953181397  0.95223772  0.932882666
  1.06548321  1.01198014  0.987767484
  0.0299999993  1.03245365  1.03245551  0.963327293  0.962452627  0.946382594
  1.08624156  1.02882975  0.998624591
  0.0349999992  1.0420491  1.04198512  0.97315581  0.972408016  0.960047183
  1.10216996  1.04693798  1.00826483
  0.0399999991  1.05009849  1.04997402  0.982178321  0.981598548  0.972984831
  1.11304456  1.06263641  1.01685462
  0.044999999  1.05668438  1.05650604  0.989351766  0.988955324  0.983596735
  1.11968512  1.07589847  1.02363458
  0.0499999989  1.06195832  1.06173161  0.995336236  0.995143554  0.992707146
  1.12315189  1.08732458  1.02918794
  0.0549999988  1.06617083  1.0658991  1.00060419  1.00063029  1.00093273
  1.12423722  1.09752353  1.03392646
  0.0599999987  1.06934871  1.0690384  1.00505123  1.00529056  1.00803284
  1.12256715  1.10599453  1.03779759
  0.0649999985  1.07144566  1.07110424  1.00843539  1.00884392  1.01355025
  1.11846014  1.1123908  1.04066257
  0.0699999984  1.07314209  1.07277038  1.01163504  1.01221917  1.01887336
  1.11289097  1.11847606  1.04324442
  0.0749999983  1.0736802  1.07328756  1.01344455  1.01415344  1.02196985
  1.10555108  1.12174694  1.04457594
  0.0799999982  1.07408764  1.07367489  1.01525593  1.01610604  1.02512894
  1.0969768  1.12503336  1.04581662
  0.0849999981  1.07407857  1.07364726  1.0158887  1.01682927  1.02634986
  1.08854495  1.12606997  1.04653946
  0.089999998  1.07396309  1.0735145  1.01619742  1.01721856  1.02704866
  1.07933603  1.12646807  1.04713261
  0.0949999979  1.07342328  1.07295955  1.01607524  1.01715252  1.02702851
  1.07041722  1.12602913  1.04735547
  0.100000001  1.07210737  1.07163387  1.01503946  1.01610541  1.02543519
  1.06359976  1.1238142  1.04684636
  0.150000002  1.05316128  1.05266437  1.00361462  1.00397241  1.00636773
  1.01549307  1.0690421  1.03833369
  0.200000003  1.03544796  1.03492105  0.999271284  0.999198877  0.998697033
  0.996686657  1.00413406  1.03022141
  0.250000004  1.01620294  1.01565542  0.998851853  0.998763204  0.997973375
  0.994746228  0.990282753  1.01877094
  0.300000004  0.992130759  0.991609463  0.998653667  0.998594186  0.997685837
  0.994007037  0.986242218  1.0003127
  0.350000005  0.965028983  0.964533268  0.99848281  0.998460109  0.99747583
  0.993571679  0.982530207  0.976328464
  0.400000006  0.93653733  0.936098884  0.998332555  0.998348693  0.997328307
  0.993390628  0.979173611  0.948957237
  0.450000007  0.908129449  0.907780555  0.998211752  0.998265029  0.997253138
  0.993479065  0.976385935  0.920036781
  0.500000007  0.881469072  0.881229159  0.998142066  0.998226617  0.997272967
  0.993870611  0.974397266  0.891792256
  0.550000008  0.857922178  0.857789638  0.998151174  0.998256918  0.99740798
  0.994592061  0.973484136  0.865844326
  0.600000009  0.839546923  0.839509513  0.998267657  0.998380979  0.997664089
  0.995614814  0.973926475  0.84453097
  0.65000001  0.82720648  0.82729849  0.998552142  0.998657949  0.998109934
  0.99705416  0.976043498  0.828525933
  0.70000001  0.8241475  0.824407286  0.999404713  0.999448763  0.999268641
  0.999176628  0.980669135  0.82035481
  0.750000011  0.840673966  0.84115824  1.00176945  1.00176943  1.0017695
  1.0017695  0.989489262  0.826638457
  0.800000012  0.920165209  0.920830031  1.00366888  1.00366888  1.00366889
  1.00366889  1.00305596  0.897903847
  0.850000013  1.07142853  1.07220773  1.00351147  1.00351146  1.00351147
  1.00351147  1.01919761  1.04872239
  0.900000013  1.29698759  1.29757895  0.995206257  0.995206254  0.995206262
  0.995206262  1.03591082  1.28034731
  0.950000014  1.60727216  1.60741725  0.925402943  0.925402844  0.925403129
  0.925403129  1.04891328  1.6018089
  256.
  9.99999975E-06  0.887578717  0.887675411  0.749907473  0.749896203
  0.746815006  0.754967863  0.77103897  0.759508412
  1.49999996E-05  0.888916304  0.88902378  0.760182622  0.760176975
  0.756691836  0.764819932  0.780497013  0.769427189
  1.99999995E-05  0.889988376  0.890104258  0.766792103  0.766788467
  0.762964269  0.771881052  0.787181181  0.776148861
  2.49999994E-05  0.890894679  0.891017554  0.771586093  0.771580724
  0.76747699  0.777354891  0.792345482  0.781123506
  2.99999992E-05  0.891685298  0.891813998  0.77562652  0.77561598  0.771275383
  0.781806441  0.79657053  0.78519541
  3.49999991E-05  0.892393026  0.892526771  0.779408602  0.779391541
  0.774851822  0.785636148  0.800205306  0.78891703
  3.9999999E-05  0.893035509  0.893173843  0.782776218  0.78275445  0.778032704
  0.788951015  0.803333677  0.792230092
  4.49999989E-05  0.893627458  0.893769891  0.785674489  0.785650606
  0.780760975  0.79190137  0.806091942  0.795133886
  4.99999987E-05  0.894176563  0.894322672  0.788203339  0.788178398  0.7831307
  0.79460989  0.808600491  0.797721938
  5.49999986E-05  0.894689316  0.894838801  0.790406519  0.790380193
  0.785179753  0.797105112  0.810890859  0.800021521
  5.99999985E-05  0.895175448  0.895328334  0.792289505  0.792259572
  0.786918156  0.799275005  0.812889983  0.801985483
  6.49999984E-05  0.895629874  0.895785951  0.794136746  0.794103078
  0.788624307  0.801401709  0.814859367  0.803911756
  6.99999982E-05  0.896068139  0.896227253  0.795797845  0.795761599
  0.790162989  0.803254633  0.816594711  0.805628706
  7.49999981E-05  0.896481481  0.896643419  0.797430831  0.797393337
  0.791674992  0.805085816  0.818311671  0.807319174
  7.9999998E-05  0.896881355  0.897045934  0.798862469  0.798827423
  0.792994191  0.806703652  0.819825068  0.808799445
  8.49999979E-05  0.897258296  0.897425351  0.800330496  0.800297871
  0.794348598  0.808368075  0.821386588  0.810320311
  8.99999977E-05  0.897629732  0.897799173  0.801578736  0.801546598
  0.795496627  0.809775072  0.822718917  0.811605367
  9.49999976E-05  0.897981413  0.898153102  0.802869256  0.802837644  0.7966852
  0.811234825  0.824104171  0.812936825
  9.99999975E-05  0.898323963  0.898497832  0.804079767  0.804047218
  0.797801391  0.81259173  0.82539546  0.814190711
  0.000149999996  0.901253521  0.901445341  0.813335807  0.813286524
  0.806218164  0.823614442  0.835544966  0.824097752
  0.000199999995  0.903602955  0.903808311  0.819550181  0.819489973
  0.811745629  0.831827536  0.842789852  0.830983127
  0.000249999994  0.905603915  0.905820394  0.824661019  0.824587453
  0.816306389  0.838376748  0.848727081  0.836562745
  0.000299999992  0.907350632  0.907576452  0.828951079  0.828866826
  0.820103678  0.843929445  0.853777569  0.841278442
  0.000349999991  0.908933207  0.909167027  0.832421606  0.832331159
  0.823147237  0.848656896  0.857964071  0.845177713
  0.00039999999  0.910372546  0.910613362  0.835470933  0.835372483
  0.825804485  0.852903053  0.861665166  0.848632977
  0.000449999989  0.911700838  0.911948033  0.838183325  0.838072748
  0.828156828  0.856705565  0.864985093  0.851731772
  0.000499999987  0.912949631  0.913202632  0.840398332  0.840278193
  0.830045915  0.860094523  0.867979302  0.854330971
  0.000549999986  0.91411578  0.914374033  0.842412493  0.842284325
  0.831751475  0.863268757  0.870799824  0.856674656
  0.000599999985  0.915205963  0.915468973  0.844305021  0.844169946
  0.833346324  0.866311815  0.873516317  0.858848459
  0.000649999984  0.91626086  0.916528312  0.846327762  0.846180662
  0.835127567  0.868921236  0.875816846  0.861034144
  0.000699999982  0.917248211  0.91751973  0.848383824  0.848224667
  0.836945589  0.871582791  0.878161577  0.863261787
  0.000749999981  0.918210845  0.918486207  0.850136155  0.849967508
  0.838481855  0.873909563  0.880181444  0.865176658
  0.00079999998  0.919115099  0.919393997  0.851943976  0.85176609  0.840073287
  0.876326695  0.882283097  0.867161514
  0.000849999979  0.920003359  0.920285603  0.853516772  0.853335351
  0.841458604  0.878366557  0.884051274  0.868910491
  0.000899999977  0.920841552  0.921126887  0.855150576  0.854965675
  0.842903469  0.880504423  0.885907713  0.870733757
  0.000949999976  0.921664075  0.921952354  0.856442691  0.856253967
  0.844003542  0.882435857  0.887565787  0.872226298
  0.00100000005  0.922459243  0.922750299  0.857583607  0.857390871
  0.844948762  0.884299885  0.889155918  0.873577559
  0.00150000007  0.929302795  0.929614853  0.867575818  0.867326085
  0.853451663  0.899928375  0.902464498  0.885131466
  0.00200000009  0.934856151  0.935181248  0.875143068  0.87483472  0.859984316
  0.911667829  0.912501588  0.893918518
  0.00250000012  0.939610638  0.939944013  0.88052608  0.880174757  0.864435103
  0.921249672  0.920670811  0.900419678
  0.00300000014  0.943841331  0.944179819  0.885146917  0.884757831
  0.868345384  0.92918292  0.92743589  0.905782576
  0.00350000017  0.947661246  0.948002574  0.889759741  0.889331968
  0.872462003  0.936136508  0.933372296  0.91093074
  0.00400000019  0.951174841  0.951517313  0.893870787  0.893409319
  0.876172726  0.942316536  0.938602225  0.915594364
  0.00450000021  0.95443561  0.954777817  0.89724406  0.896755387  0.879146899
  0.947937867  0.94328062  0.919553095
  0.00500000024  0.957478447  0.957819225  0.900125297  0.899612938
  0.881639192  0.953211672  0.947593572  0.923016071
  0.00550000026  0.960376141  0.960714591  0.902773848  0.902236252
  0.883987885  0.957986933  0.951413113  0.926205785
  0.00600000028  0.96312989  0.96346525  0.905225262  0.904658434  0.886176933
  0.962460377  0.954934536  0.929185849
  0.00650000031  0.965715208  0.966046735  0.907643455  0.907045348
  0.888356599  0.966956024  0.95843799  0.932143252
  0.00700000033  0.968252615  0.968579785  0.909611158  0.90898698  0.890108192
  0.970800692  0.961374257  0.934608571
  0.00750000036  0.970623282  0.97094551  0.911661241  0.911011503  0.891953071
  0.974912538  0.964507246  0.937183932
  0.00800000038  0.972978812  0.973295811  0.913361715  0.912697872
  0.893504116  0.978413127  0.967117061  0.939433487
  0.0085000004  0.975194754  0.975505985  0.915142799  0.91446551  0.895145795
  0.982164799  0.96990879  0.941790395
  0.00900000043  0.977384653  0.977689913  0.916367498  0.915668769  0.89615848
  0.985526946  0.97239968  0.943545657
  0.00950000045  0.979489851  0.979788719  0.917442882  0.916719906  0.89699559
  0.988895375  0.97488776  0.945150339
  0.00999999978  0.981508454  0.981800622  0.918552676  0.917805647
  0.897881472  0.992351124  0.97742988  0.946767818
  0.0149999997  0.999433673  0.999648704  0.935198661  0.934377407  0.915632265
  1.02187757  0.998003956  0.964767769
  0.0199999996  1.01418648  1.01431382  0.954880797  0.954165753  0.939297451
  1.04684724  1.01428122  0.984628144
  0.0249999994  1.02665989  1.02669826  0.967307599  0.966670893  0.954864953
  1.06756965  1.0286036  0.998328897
  0.0299999993  1.03693337  1.03688504  0.976785768  0.976244365  0.967321783
  1.08532551  1.04301807  1.0087512
  0.0349999992  1.04552147  1.04539161  0.985659104  0.985259847  0.979449916
  1.09863654  1.0571317  1.01784708
  0.0399999991  1.05257652  1.05237256  0.993479179  0.993252123  0.990463208
  1.10745958  1.06892909  1.02558732
  0.044999999  1.05821425  1.05794469  0.999582221  0.999537136  0.999341867
  1.11256586  1.07855347  1.03157969
  0.0499999989  1.06261691  1.06228906  1.0045688  1.00471723  1.00681636
  1.11491579  1.08655504  1.03636962
  0.0549999988  1.06605136  1.06567025  1.00885947  1.00920937  1.01342462
  1.11519471  1.09344905  1.04034583
  0.0599999987  1.06854054  1.068114  1.01233401  1.01287339  1.01891341
  1.11310769  1.09882208  1.04343469
  0.0649999985  1.07005178  1.06958822  1.01481563  1.01550332  1.022944
  1.10904347  1.10247588  1.0455449
  0.0699999984  1.07121718  1.07071873  1.01708833  1.01792683  1.02672855
  1.10368173  1.10575149  1.04736989
  0.0749999983  1.07137975  1.07085587  1.0181133  1.01905216  1.02855152
  1.09708415  1.10683816  1.04807858
  0.0799999982  1.07144017  1.0708926  1.01909109  1.02014004  1.03034472
  1.08936716  1.10778302  1.04869407
  0.0849999981  1.07105506  1.07048585  1.01907853  1.02018913  1.03053713
  1.08195819  1.10708508  1.04877638
  0.089999998  1.07056105  1.06997244  1.01875103  1.01990967  1.03022694
  1.07388905  1.1057892  1.04870735
  0.0949999979  1.06971807  1.0691129  1.0180788  1.01926223  1.0293471
  1.06597924  1.10384308  1.04834292
  0.100000001  1.06822274  1.06760648  1.01673468  1.01788758  1.0273235
  1.0598059  1.10072771  1.04740909
  0.150000002  1.04894295  1.04829663  1.0034703  1.00379601  1.00590419
  1.01292389  1.04751381  1.03583244
  0.200000003  1.03079388  1.03010871  0.998698656  0.998578202  0.997753312
  0.994858914  0.997657815  1.02596883
  0.250000004  1.01080737  1.01010071  0.998112479  0.997979455  0.99677733
  0.992467476  0.9858275  1.01317743
  0.300000004  0.986335289  0.985664254  0.997772357  0.997685194  0.996290039
  0.991310414  0.980282084  0.993771835
  0.350000005  0.959342298  0.958714615  0.997480217  0.99745067  0.995931201
  0.990591478  0.975171054  0.969518675
  0.400000006  0.93130065  0.930754553  0.997223253  0.997254725  0.995674279
  0.990238911  0.970498163  0.942404713
  0.450000007  0.903630963  0.903202338  0.997016735  0.997106515  0.995536029
  0.990284594  0.966554374  0.914229094
  0.500000007  0.877881911  0.877592016  0.996894613  0.997033357  0.995550456
  0.990783543  0.963667746  0.88702741
  0.550000008  0.855439697  0.855289496  0.996900086  0.997071782  0.995747547
  0.991780771  0.962269819  0.862413073
  0.600000009  0.838346817  0.838328073  0.997079592  0.997262831  0.996140665
  0.993252397  0.962809395  0.842649224
  0.65000001  0.827608449  0.827760269  0.997533877  0.99770384  0.996849477
  0.995378073  0.96584458  0.828570835
  0.70000001  0.826911033  0.82728159  0.998870579  0.998944502  0.998652244
  0.998515567  0.972760518  0.823165944
  0.750000011  0.848057789  0.848706412  1.00247246  1.00247243  1.00247251
  1.00247251  0.98624549  0.835519523
  0.800000012  0.931017528  0.931861375  1.00569491  1.00569491  1.00569491
  1.00569491  1.0070716  0.911732509
  0.850000013  1.08232602  1.08324788  1.006497  1.006497  1.006497  1.006497
  1.03251548  1.06275909
  0.900000013  1.30506387  1.30573771  0.998147103  0.998147107  0.99814711
  0.99814711  1.06033991  1.29063512
  0.950000014  1.61005018  1.61022117  0.911054081  0.91105396  0.911054307
  0.911054307  1.08424817  1.60518771
  1024.
  9.99999975E-06  0.889776877  0.889897234  0.772684005  0.772676469
  0.770607582  0.777149592  0.800275051  0.780487763
  1.49999996E-05  0.891325587  0.891458815  0.781855061  0.78185105
  0.779486097  0.78621267  0.808920621  0.789482017
  1.99999995E-05  0.892556166  0.892699344  0.787932449  0.787929313
  0.785317928  0.792722439  0.815078281  0.795670552
  2.49999994E-05  0.893590816  0.893742198  0.792470631  0.792465776
  0.789651162  0.797792535  0.819871629  0.800350455
  2.99999992E-05  0.894490314  0.894648537  0.796284075  0.796275343
  0.793287656  0.801934032  0.82380308  0.804207124
  3.49999991E-05  0.895292439  0.895456588  0.799751834  0.799738609
  0.796602109  0.805498507  0.827179062  0.807657257
  3.9999999E-05  0.896018843  0.896188361  0.802799197  0.802782797
  0.799509677  0.808590254  0.830096642  0.810690979
  4.49999989E-05  0.896686273  0.896860571  0.805437685  0.805419715
  0.802020428  0.811343509  0.832678239  0.813354453
  4.99999987E-05  0.89730388  0.897482491  0.80776953  0.807750582  0.804232573
  0.81386884  0.83503174  0.815745139
  5.49999986E-05  0.897879431  0.898062032  0.809833311  0.809813106
  0.806181096  0.816191406  0.837185179  0.81789052
  5.99999985E-05  0.89842412  0.898610645  0.811610614  0.811587948
  0.807851336  0.818213439  0.83906433  0.819738136
  6.49999984E-05  0.89893288  0.899123093  0.81335775  0.813332616  0.809493695
  0.820201447  0.8409196  0.821555054
  6.99999982E-05  0.899422101  0.899615795  0.814913117  0.814886463
  0.810957076  0.821937705  0.842546848  0.823163205
  7.49999981E-05  0.899883199  0.90008012  0.816446974  0.816419566
  0.812399908  0.823657567  0.844162213  0.824751824
  7.9999998E-05  0.900328327  0.900528293  0.817793318  0.817767298
  0.813661854  0.825177179  0.845586916  0.826146569
  8.49999979E-05  0.900747967  0.90095077  0.819178076  0.819153421
  0.814961117  0.826744665  0.847061438  0.827583782
  8.99999977E-05  0.901160285  0.90136583  0.820347948  0.820323284
  0.816055531  0.828065877  0.848304382  0.828794957
  9.49999976E-05  0.901550781  0.901758905  0.821561268  0.821536616
  0.817191904  0.829440152  0.849601211  0.830053483
  9.99999975E-05  0.901930253  0.902140866  0.82269152  0.822666008
  0.818250296  0.830716826  0.850803614  0.831229303
  0.000149999996  0.90516005  0.905391072  0.831421325  0.831383188
  0.826342405  0.841095655  0.860350826  0.840534492
  0.000199999995  0.907730138  0.907976411  0.83743253  0.837385453
  0.831835462  0.8488101  0.867258742  0.847108954
  0.000249999994  0.909905449  0.910164108  0.842307002  0.842249655
  0.836290094  0.854964225  0.872828399  0.852401775
  0.000299999992  0.911797009  0.912065979  0.846393242  0.846327642
  0.840000188  0.860203898  0.877564111  0.856871419
  0.000349999991  0.91350212  0.913779871  0.849729206  0.849658114  0.84300997
  0.86465722  0.881508759  0.860581278
  0.00039999999  0.915048103  0.915333504  0.852665466  0.852587508
  0.845646786  0.86865597  0.885016563  0.863871659
  0.000449999989  0.916471166  0.916763471  0.855263044  0.85517575
  0.847969694  0.872237522  0.888158528  0.866804081
  0.000499999987  0.91780364  0.918102181  0.857442532  0.857347708
  0.849901927  0.875425149  0.890962734  0.869309972
  0.000549999986  0.919045533  0.919349678  0.859456367  0.859354878
  0.851682636  0.878414569  0.893597387  0.871613437
  0.000599999985  0.92020524  0.920514435  0.861374228  0.861266675
  0.853376561  0.881285597  0.896132303  0.873789984
  0.000649999984  0.921323007  0.921636891  0.863269489  0.863152824
  0.855084403  0.883742372  0.898274895  0.875846968
  0.000699999982  0.922368879  0.922687032  0.865198742  0.865072982
  0.856828396  0.886254408  0.90046758  0.877946619
  0.000749999981  0.923384522  0.923706677  0.866843932  0.866711164
  0.858305906  0.888441612  0.902350774  0.879752217
  0.00079999998  0.924338852  0.924664668  0.868545474  0.868405839
  0.859839137  0.890720636  0.904318772  0.881627296
  0.000849999979  0.925273322  0.925602585  0.869988008  0.869845242
  0.861133472  0.892640537  0.905965045  0.883232879
  0.000899999977  0.926155679  0.926488111  0.871492635  0.871346782
  0.86248836  0.894658781  0.907701187  0.884912937
  0.000949999976  0.927018809  0.927354244  0.872727308  0.872578069
  0.863575576  0.896478368  0.90925135  0.886329911
  0.00100000005  0.927852254  0.928190496  0.873847015  0.873694251
  0.864547448  0.898233962  0.91073977  0.887639754
  0.00150000007  0.934983538  0.935342335  0.883476759  0.88327691  0.873039699
  0.91293926  0.923145747  0.898736601
  0.00200000009  0.940718354  0.941088924  0.890628273  0.890381882
  0.879386957  0.923996095  0.932432792  0.907048868
  0.00250000012  0.945596677  0.945973862  0.895878001  0.895597039
  0.883934518  0.933031638  0.939973198  0.91335404
  0.00300000014  0.949911745  0.950292154  0.900367512  0.900055716
  0.887893656  0.94051603  0.946187337  0.918593198
  0.00350000017  0.953791544  0.954172771  0.90467785  0.904335093  0.891822709
  0.947093196  0.951625871  0.923478225
  0.00400000019  0.957345438  0.95772569  0.908471052  0.908101508  0.895303523
  0.952948462  0.95641167  0.927839377
  0.00450000021  0.960632521  0.961010336  0.911636921  0.911245395
  0.898167826  0.958280443  0.960701814  0.931593425
  0.00500000024  0.963692036  0.964066219  0.914395996  0.913984943
  0.900642377  0.963285825  0.964667166  0.934938116
  0.00550000026  0.966594101  0.966963731  0.916906951  0.916475096  0.9029343
  0.96780491  0.968171406  0.937987054
  0.00600000028  0.969343583  0.969707884  0.919222624  0.918767604
  0.905060127  0.972036876  0.971406637  0.940822851
  0.00650000031  0.971923872  0.972282123  0.921508539  0.921029153
  0.907176234  0.97629735  0.974637841  0.943637644
  0.00700000033  0.974441413  0.974793099  0.923374735  0.922875538
  0.908892552  0.979929229  0.977336513  0.945988476
  0.00750000036  0.976797294  0.977141837  0.925330401  0.924811919
  0.910710009  0.98382911  0.980234379  0.948457802
  0.00800000038  0.979122825  0.979459927  0.926934537  0.926404516
  0.912212526  0.987130104  0.98263473  0.950562297
  0.0085000004  0.981314432  0.98164358  0.928623548  0.928082611  0.913810429
  0.990681136  0.985217774  0.952778706
  0.00900000043  0.983468123  0.983789118  0.92988804  0.92933088  0.914945971
  0.993849033  0.987499703  0.954530502
  0.00950000045  0.985537432  0.985849886  0.931050383  0.930475207
  0.915967658  0.997023579  0.989777528  0.95618072
  0.00999999978  0.987521435  0.987825043  0.932254891  0.931662161
  0.917047258  1.00028447  0.992109738  0.957858321
  0.0149999997  1.00492946  1.00513573  0.948526273  0.947899641  0.934629905
  1.02773251  1.01070935  0.975664358
  0.0199999996  1.01898618  1.01908693  0.966143034  0.965622979  0.955589617
  1.05050036  1.0253474  0.993683542
  0.0249999994  1.03062119  1.03061773  0.977422522  0.976992043  0.96962042
  1.06898304  1.03797507  1.00626427
  0.0299999993  1.04009097  1.0399878  0.986206041  0.985885466  0.981085917
  1.08450225  1.05021288  1.01609122
  0.0349999992  1.04787682  1.04768111  0.994213214  0.994041207  0.991928022
  1.09585436  1.06145441  1.02449427
  0.0399999991  1.05415217  1.05387315  1.00105225  1.00105116  1.00146997
  1.10311672  1.07051811  1.03140555
  0.044999999  1.05905678  1.05870451  1.00628967  1.00646478  1.00903071
  1.10702925  1.07762702  1.03664282
  0.0499999989  1.0627939  1.06237702  1.01047811  1.01083485  1.0152725
  1.10847958  1.0832869  1.04072174
  0.0549999988  1.06563677  1.06516154  1.01399744  1.01453891  1.02067562
  1.10807332  1.08793741  1.04401009
  0.0599999987  1.06760498  1.06708015  1.01672416  1.01743442  1.02499099
  1.10557933  1.09124222  1.04642824
  0.0649999985  1.06867782  1.0681124  1.0185314  1.01937144  1.02796637
  1.1014329  1.09311218  1.04792571
  0.0699999984  1.06944446  1.06884145  1.02011311  1.02108238  1.03066082
  1.09609202  1.09455911  1.049142
  0.0749999983  1.06931675  1.06868552  1.02058323  1.0216329  1.03162529
  1.08988949  1.09430389  1.0493687
  0.0799999982  1.0691048  1.06844778  1.02096795  1.02210286  1.03249227
  1.08263065  1.09379583  1.04949581
  0.0849999981  1.06844666  1.06776634  1.02052132  1.02169626  1.03202544
  1.0758087  1.09209553  1.04913015
  0.089999998  1.06768038  1.06697966  1.0197718  1.02097115  1.03107846
  1.0684021  1.0898388  1.04860776
  0.0949999979  1.06661941  1.06590154  1.01873844  1.01994011  1.0296624
  1.06109116  1.08705926  1.04784573
  0.100000001  1.0649989  1.06426917  1.01721145  1.01836954  1.02740314
  1.05533977  1.08353592  1.04664286
  0.150000002  1.04544157  1.0446757  1.00303214  1.00330496  1.00503029
  1.01029204  1.03326382  1.03334238
  0.200000003  1.02690137  1.02609022  0.99811155  0.997946617  0.996820509
  0.993199579  0.992807341  1.02242949
  0.250000004  1.00633806  1.00550701  0.997381856  0.997210628  0.995635719
  0.990454027  0.981685477  1.00862109
  0.300000004  0.981581537  0.980795662  0.996906861  0.996797601  0.994964194
  0.988940016  0.974834375  0.988510297
  0.350000005  0.954714781  0.95398788  0.996501204  0.99646876  0.99446986
  0.987978916  0.968511037  0.964090415
  0.400000006  0.927072704  0.926447687  0.996145559  0.996194193  0.994114401
  0.987478221  0.962685143  0.937222865
  0.450000007  0.9000283  0.899543499  0.995861427  0.995987156  0.993920926
  0.987485478  0.957712785  0.909664504
  0.500000007  0.875045962  0.874724092  0.995693812  0.995883917  0.993933223
  0.988075621  0.954011696  0.883315982
  0.550000008  0.853533057  0.853377181  0.995700559  0.995933409  0.994190568
  0.989311901  0.95216409  0.859794795
  0.600000009  0.837528706  0.837534026  0.995944421  0.996191392  0.994714733
  0.991176991  0.952792158  0.841324858
  0.65000001  0.828161429  0.828371131  0.996570742  0.996796963  0.995684178
  0.993912415  0.956708873  0.828875038
  0.70000001  0.829502863  0.829972206  0.998393456  0.998489197  0.998119107
  0.997956461  0.965878709  0.825868103
  0.750000011  0.854410722  0.855195984  1.0031456  1.00314558  1.00314566
  1.00314566  0.984018415  0.843087598
  0.800000012  0.940034103  0.941020656  1.00762467  1.00762466  1.00762467
  1.00762467  1.01212883  0.923021967
  0.850000013  1.09126409  1.09229763  1.00954615  1.00954614  1.00954614
  1.00954614  1.04723436  1.07407696
  0.900000013  1.311662  1.31240018  1.00201741  1.00201742  1.00201741
  1.00201741  1.08734738  1.29892754
  0.950000014  1.61233859  1.6125303  0.910202017  0.910201898  0.910202242
  0.910202242  1.1246646  1.60796259
  4096.
  9.99999975E-06  0.891713875  0.891855101  0.790774425  0.790769011
  0.789278112  0.794702125  0.821569146  0.797204239
  1.49999996E-05  0.893439675  0.893595464  0.799200277  0.799197221
  0.797478978  0.803179197  0.829676663  0.80555223
  1.99999995E-05  0.894802449  0.894969422  0.804895451  0.804892703
  0.802986003  0.809280269  0.835480541  0.81135825
  2.49999994E-05  0.895943691  0.896119821  0.809219124  0.809214783
  0.807152301  0.814046834  0.840016325  0.815803967
  2.99999992E-05  0.896933362  0.897117136  0.812841075  0.812833707
  0.810637956  0.817951216  0.843740417  0.819476671
  3.49999991E-05  0.897813432  0.898003823  0.816079005  0.816068337
  0.813756335  0.821312977  0.846937739  0.822722112
  3.9999999E-05  0.898608983  0.898805335  0.818905425  0.818892453
  0.816473534  0.824233104  0.849707196  0.825559121
  4.49999989E-05  0.899338447  0.899540113  0.821363708  0.821349501
  0.818831726  0.826834271  0.852162029  0.828054439
  4.99999987E-05  0.900012233  0.900218709  0.823554008  0.823538928
  0.820928093  0.829219159  0.854402915  0.83030446
  5.49999986E-05  0.900639255  0.900850173  0.825510908  0.825494734
  0.822794853  0.831411022  0.856455477  0.832335759
  5.99999985E-05  0.901231805  0.901447066  0.827202385  0.82718443
  0.824403098  0.83332031  0.858244718  0.834092315
  6.49999984E-05  0.901784985  0.902004278  0.828867901  0.828848191
  0.825986958  0.835201797  0.860014504  0.835823062
  6.99999982E-05  0.902315694  0.902538788  0.83034111  0.830320397
  0.827387908  0.836846207  0.861562122  0.83734811
  7.49999981E-05  0.902815668  0.903042302  0.831797358  0.831776132
  0.828772583  0.838478097  0.863101839  0.838858196
  7.9999998E-05  0.903297587  0.903527549  0.833075786  0.833055378
  0.829984745  0.839919404  0.864458108  0.840185125
  8.49999979E-05  0.903751936  0.903985001  0.834394003  0.834374395
  0.831235701  0.84140946  0.8658656  0.841555699
  8.99999977E-05  0.904197344  0.904433411  0.835502094  0.835482276
  0.832284371  0.842662185  0.867043136  0.842706936
  9.49999976E-05  0.904619285  0.904858168  0.836654324  0.836634299
  0.833375901  0.843968085  0.868275277  0.843906007
  9.99999975E-05  0.905028619  0.905270215  0.837723725  0.837702932
  0.83438829  0.845180725  0.869415533  0.845021671
  0.000149999996  0.908500123  0.908763839  0.846045367  0.846014539
  0.842204939  0.855045412  0.878523476  0.853875432
  0.000199999995  0.911246408  0.911526516  0.851857361  0.85181904  0.84760813
  0.862364654  0.885142883  0.860190155
  0.000249999994  0.913559942  0.913853225  0.856528269  0.856481685
  0.851945067  0.868203931  0.890433655  0.865249196
  0.000299999992  0.915565826  0.91586999  0.860445271  0.860392  0.855563065
  0.873189467  0.894934981  0.869524282
  0.000349999991  0.91736702  0.917680399  0.863659083  0.863600936
  0.858517272  0.877420957  0.898691299  0.873080288
  0.00039999999  0.918996348  0.91931771  0.866491226  0.866427142  0.861111224
  0.881219971  0.902038724  0.876236608
  0.000449999989  0.920493112  0.920821618  0.868991492  0.8689199  0.863393364
  0.88462233  0.905030916  0.879042357
  0.000499999987  0.921890314  0.922225223  0.871121044  0.871043263
  0.865326997  0.887646948  0.90768572  0.881464614
  0.000549999986  0.923190646  0.923531275  0.873103539  0.873020113
  0.867125132  0.890486328  0.910177727  0.88371186
  0.000599999985  0.924403934  0.924749695  0.875003107  0.874914376
  0.868847958  0.893217121  0.912575556  0.885853792
  0.000649999984  0.925569719  0.925920214  0.876796596  0.876700644
  0.870490878  0.895549295  0.914597177  0.887809397
  0.000699999982  0.926660352  0.927015124  0.87862501  0.878521874
  0.872170199  0.897939059  0.916672831  0.889808605
  0.000749999981  0.927716197  0.928074956  0.88018237  0.880073763
  0.873592792  0.900013328  0.918450009  0.891525315
  0.00079999998  0.928708626  0.929071008  0.881797249  0.881683261
  0.875072229  0.902180323  0.920313994  0.893311993
  0.000849999979  0.929677914  0.93004369  0.883147219  0.88303046  0.876302128
  0.904002382  0.921866049  0.894819496
  0.000899999977  0.930593675  0.930962554  0.884560018  0.884440508
  0.87759346  0.905922724  0.923508858  0.896401745
  0.000949999976  0.931487239  0.931859035  0.885744789  0.885622296
  0.87866085  0.90765086  0.924973337  0.897758715
  0.00100000005  0.932349289  0.932723796  0.886835899  0.886710288  0.87963544
  0.909317763  0.926379736  0.899027695
  0.00150000007  0.939692621  0.940086225  0.896108954  0.895943538
  0.888006447  0.923273327  0.938067823  0.909711919
  0.00200000009  0.94555673  0.945960188  0.902915937  0.902712369  0.894170381
  0.933772047  0.946770315  0.917647381
  0.00250000012  0.950519894  0.950927863  0.908012324  0.907780143
  0.898718758  0.942358407  0.953818603  0.923760496
  0.00300000014  0.954889437  0.955298444  0.91234872  0.912090808  0.902644909
  0.949472476  0.959604503  0.928849067
  0.00350000017  0.958805111  0.959212712  0.916409891  0.916126574
  0.906407152  0.955735331  0.964658992  0.93351085
  0.00400000019  0.962379957  0.962784339  0.919957765  0.919652596
  0.909709219  0.961316641  0.969103067  0.937640717
  0.00450000021  0.965677527  0.966077235  0.92295417  0.922630884  0.912474322
  0.966402917  0.973090341  0.941229247
  0.00500000024  0.968740473  0.969134356  0.925599352  0.92525978  0.914907208
  0.971179852  0.976780184  0.944461906
  0.00550000026  0.971636231  0.972023382  0.92798946  0.927632585  0.917135479
  0.975483111  0.980033668  0.947388525
  0.00600000028  0.974372871  0.974752526  0.930189538  0.92981395  0.919197657
  0.979511774  0.983038492  0.950104544
  0.00650000031  0.97694045  0.977311927  0.932363919  0.93196895  0.921251951
  0.983573685  0.986047734  0.952802997
  0.00700000033  0.979433195  0.979796017  0.934142792  0.933732388
  0.922927662  0.987025215  0.988549253  0.955057792
  0.00750000036  0.981769212  0.982122817  0.936015998  0.935590721  0.92471009
  0.99074407  0.991249368  0.957437018
  0.00800000038  0.984062079  0.984406218  0.937546045  0.937111446
  0.926174893  0.993875061  0.993469433  0.959439729
  0.0085000004  0.986226322  0.986560503  0.939164071  0.938720772  0.927738865
  0.997254087  0.99587037  0.961557913
  0.00900000043  0.988343022  0.988667089  0.940439771  0.939984078
  0.928939951  1.00025635  0.997974298  0.963292434
  0.00950000045  0.990375974  0.990689562  0.941643348  0.941174107
  0.930065002  1.00326528  1.00007321  0.964955148
  0.00999999978  0.992325025  0.992627859  0.942893201  0.942411032
  0.931252427  1.00635967  1.0022263  0.966653278
  0.0149999997  1.00925071  1.00943876  0.958633256  0.95814462  0.94840501
  1.03210174  1.01917757  0.984036964
  0.0199999996  1.02269491  1.0227628  0.974635326  0.97425441  0.967336007
  1.05310789  1.03237298  1.00062944
  0.0249999994  1.03362293  1.03357471  0.984963713  0.984679855  0.980140024
  1.06981658  1.04347571  1.01227876
  0.0299999993  1.04242109  1.0422633  0.993094945  0.992929419  0.990715575
  1.08358065  1.05386398  1.02148257
  0.0349999992  1.04954558  1.04928718  1.00034409  1.00032926  1.00048211
  1.09339973  1.06292832  1.02919801
  0.0399999991  1.05518618  1.05483796  1.00637456  1.00652702  1.00885909
  1.09943503  1.06996019  1.03536652
  0.044999999  1.05950074  1.05907404  1.01090382  1.01122524  1.01538238
  1.10240295  1.07522385  1.03993662
  0.0499999989  1.06270709  1.06221158  1.01444497  1.01493634  1.02066138
  1.10313352  1.07918514  1.04339894
  0.0549999988  1.06507986  1.06452268  1.01734458  1.01800548  1.02513117
  1.10216905  1.08222084  1.04610157
  0.0599999987  1.06663575  1.06602634  1.01948181  1.02029373  1.02855363
  1.09933108  1.08406155  1.0479659
  0.0649999985  1.06736414  1.06671186  1.0207692  1.02169491  1.03074252
  1.09508668  1.08469951  1.0489747
  0.0699999984  1.06781631  1.06712481  1.02181913  1.02285567  1.03262567
  1.08972072  1.08488499  1.04970821
  0.0749999983  1.06745625  1.06673475  1.02188045  1.02298105  1.0329776
  1.08377287  1.08375469  1.04956609
  0.0799999982  1.06702368  1.06627511  1.02182592  1.02299172  1.0331804
  1.07680925  1.08229164  1.04931688
  0.0849999981  1.06615679  1.06538399  1.02107308  1.02226226  1.03226386
  1.07038304  1.07997955  1.04863083
  0.089999998  1.06518371  1.06439007  1.02002983  1.02122563  1.0308891
  1.06342655  1.07715031  1.04778902
  0.0949999979  1.06395695  1.06314594  1.01874783  1.01992928  1.02911753
  1.05652998  1.07389042  1.04674971
  0.100000001  1.06224333  1.06141997  1.01710892  1.0182376  1.02672511
  1.05109344  1.07019784  1.04537135
  0.150000002  1.04244377  1.0415788  1.00248719  1.00270338  1.0040469
  1.00789667  1.02305918  1.03103929
  0.200000003  1.02355289  1.022638  0.997535729  0.997330793  0.995929648
  0.991698457  0.988845258  1.01939824
  0.250000004  1.00252315  1.0015913  0.996679279  0.996475461  0.994565126
  0.988655636  0.977833928  1.00477395
  0.300000004  0.977554922  0.97667757  0.996079679  0.995953038  0.993727294
  0.986834885  0.969824949  0.984112779
  0.350000005  0.950819985  0.950015484  0.995570553  0.995538157  0.993112195
  0.98566703  0.962429316  0.959588712
  0.400000006  0.923536678  0.92285146  0.995125939  0.995192523  0.992669933
  0.985040261  0.95557684  0.932955173
  0.450000007  0.897035862  0.896509998  0.994773238  0.994933448  0.992429465
  0.985016584  0.949680435  0.90592777
  0.500000007  0.872717706  0.872375141  0.994567448  0.994805292  0.992443111
  0.985689377  0.945241102  0.880306059
  0.550000008  0.852010638  0.851856224  0.99458009  0.994868736  0.992759119
  0.987139472  0.94298608  0.857716736
  0.600000009  0.83695693  0.83698887  0.9948892  0.995193347  0.993408727
  0.989356787  0.943710549  0.840363355
  0.65000001  0.828795969  0.829060945  0.99568805  0.995962756  0.994634072
  0.992641673  0.94848823  0.829333413
  0.70000001  0.831938013  0.832496407  0.997991897  0.998102846  0.997681115
  0.997504414  0.959871138  0.828444538
  0.750000011  0.860017141  0.860919262  1.00381228  1.00381225  1.00381234
  1.00381234  0.98260445  0.849712439
  0.800000012  0.947783055  0.948887815  1.00946471  1.00946471  1.00946472
  1.00946472  1.01792532  0.932589692
  0.850000013  1.09887169  1.09999647  1.01253817  1.01253818  1.01253817
  1.01253817  1.06284689  1.08357803
  0.900000013  1.31726442  1.3180551  1.00619364  1.00619364  1.00619363
  1.00619363  1.11605954  1.30588981
  0.950000014  1.61429626  1.61450523  0.915050334  0.91505023  0.915050541
  0.915050541  1.16893921  1.61032674
  16384.
  9.99999975E-06  0.893446643  0.893606509  0.805542461  0.80553837
  0.804408431  0.809020721  0.837958964  0.810926648
  1.49999996E-05  0.895324134  0.895499961  0.813428356  0.813425908
  0.812115003  0.817043249  0.845673623  0.818793221
  1.99999995E-05  0.896799625  0.896987637  0.818832654  0.818830212
  0.817369617  0.822826851  0.851214886  0.824307593
  2.49999994E-05  0.898031439  0.898229381  0.822977257  0.822973373
  0.821388681  0.827355177  0.855555055  0.828562892
  2.99999992E-05  0.899097515  0.899303728  0.826439601  0.826433275
  0.824741994  0.831071182  0.859120275  0.832080988
  3.49999991E-05  0.90004347  0.900256857  0.829501575  0.82949271  0.827707528
  0.834271881  0.862181955  0.835166316
  3.9999999E-05  0.900897335  0.90111715  0.832164726  0.832154093  0.830282468
  0.83705483  0.8648373  0.837855192
  4.49999989E-05  0.901678996  0.901904554  0.834488883  0.834477243
  0.832525608  0.839534166  0.867193129  0.840223951
  4.99999987E-05  0.902399982  0.902630739  0.836571032  0.836558619
  0.834531617  0.841806978  0.869345364  0.84236656
  5.49999986E-05  0.903070217  0.903305766  0.838442607  0.838429253
  0.83633029  0.843895195  0.871317753  0.844308396
  5.99999985E-05  0.903702859  0.90394305  0.840063255  0.840048543
  0.837883867  0.845714507  0.873035039  0.845991066
  6.49999984E-05  0.904293212  0.904537702  0.84166125  0.841645226
  0.839415941  0.847510594  0.874736356  0.847651612
  6.99999982E-05  0.904858548  0.905107085  0.843068428  0.843051694
  0.84076445  0.84908035  0.876220709  0.849110204
  7.49999981E-05  0.905390969  0.905643272  0.844462016  0.844444885
  0.842099865  0.850640551  0.877700023  0.850557125
  7.9999998E-05  0.905903526  0.906159365  0.845685039  0.8456684  0.843269088
  0.852017701  0.879000947  0.851828624
  8.49999979E-05  0.906386802  0.906645952  0.846948852  0.84693269
  0.844478209  0.853444206  0.88035423  0.853144593
  8.99999977E-05  0.906859669  0.907122002  0.848006951  0.84799049
  0.845487939  0.854640747  0.881480567  0.854246573
  9.49999976E-05  0.907307725  0.907573053  0.849109622  0.849092861
  0.846541134  0.85589046  0.882662045  0.855396662
  9.99999975E-05  0.90774183  0.908010035  0.850130838  0.850113394
  0.847515708  0.857050528  0.883754523  0.85646425
  0.000149999996  0.911412952  0.911704469  0.858121284  0.858095572
  0.855093566  0.866491362  0.892510634  0.864958634
  0.000199999995  0.914303661  0.914612319  0.863749616  0.863717488
  0.860388571  0.873486106  0.898880925  0.871051163
  0.000249999994  0.916729749  0.917052052  0.868245328  0.868206328
  0.864610374  0.879066043  0.903946462  0.875914823
  0.000299999992  0.91882832  0.919161804  0.872018519  0.871973924
  0.868138555  0.883839377  0.908258937  0.880029016
  0.000349999991  0.920706959  0.921049855  0.875123245  0.87507429
  0.871030321  0.887885991  0.911859118  0.883455266
  0.00039999999  0.922403231  0.922754245  0.877861617  0.877807477
  0.873573441  0.891518673  0.915069501  0.88649819
  0.000449999989  0.92395891  0.924317122  0.880277185  0.880216797
  0.875810484  0.894771458  0.917933876  0.889200076
  0.000499999987  0.925407603  0.925772222  0.882352995  0.882287382
  0.877726085  0.897660269  0.920465817  0.891546664
  0.000549999986  0.926754297  0.927124609  0.884292858  0.884222371
  0.879515351  0.900374353  0.92284179  0.89373443
  0.000599999985  0.928010047  0.928385428  0.886157221  0.886082073
  0.881235508  0.902987619  0.925128822  0.895829272
  0.000649999984  0.929213546  0.929593577  0.887866595  0.88778555
  0.882820674  0.905215286  0.927052001  0.897701194
  0.000699999982  0.930339381  0.930723591  0.889611866  0.889524947
  0.884442829  0.907502332  0.929031971  0.899617694
  0.000749999981  0.931426603  0.931814676  0.891095902  0.891004545
  0.885815676  0.909482393  0.930722269  0.901260292
  0.00079999998  0.932448856  0.932840418  0.892638521  0.892542777
  0.887246499  0.911555668  0.932500635  0.90297353
  0.000849999979  0.933445105  0.933839917  0.893917287  0.893819076
  0.888425863  0.913295558  0.933975314  0.904406831
  0.000899999977  0.934386839  0.934784596  0.895259372  0.895158694
  0.889667336  0.915133439  0.935541108  0.905915091
  0.000949999976  0.935303851  0.935704357  0.896400163  0.896296826
  0.890712083  0.916784703  0.93693428  0.907221473
  0.00100000005  0.936187877  0.936590924  0.897460876  0.897354769
  0.891678105  0.918377023  0.938271944  0.908451711
  0.00150000007  0.943691707  0.944111832  0.906400699  0.906260346
  0.899882699  0.93170466  0.949363524  0.918764224
  0.00200000009  0.949650031  0.950077768  0.912913733  0.912741349
  0.905870194  0.941733715  0.957586228  0.926383858
  0.00250000012  0.954672125  0.955102077  0.91785417  0.917657609  0.910371805
  0.949940486  0.96423006  0.93231336
  0.00300000014  0.95907652  0.959505214  0.922036378  0.921817983  0.914228725
  0.95674072  0.969665711  0.937247384
  0.00350000017  0.963012503  0.96343753  0.925887128  0.925647488  0.917841535
  0.962734923  0.974407232  0.941715887
  0.00400000019  0.966595967  0.96701556  0.929236062  0.928978257  0.920995491
  0.968080436  0.978572482  0.945657336
  0.00450000021  0.969894054  0.970306804  0.932088743  0.931815789
  0.923668911  0.972954138  0.982309965  0.949104778
  0.00500000024  0.972952206  0.973356992  0.934629056  0.934342392  0.92604905
  0.977532947  0.985770061  0.952232567
  0.00550000026  0.975835296  0.976231255  0.936912065  0.936610892
  0.928212153  0.98165015  0.988813852  0.955050451
  0.00600000028  0.978554153  0.978940598  0.939011438  0.938694941
  0.930211933  0.985503486  0.991624188  0.957662521
  0.00650000031  0.981104607  0.981480883  0.941089049  0.940756909
  0.932206308  0.989393622  0.994444101  0.960260788
  0.00700000033  0.983570101  0.983935787  0.942791076  0.942446721
  0.933839175  0.992688941  0.996776044  0.962431466
  0.00750000036  0.985883538  0.986238115  0.944590773  0.944234799
  0.935582688  0.996249991  0.999304076  0.96473078
  0.00800000038  0.988142948  0.988486191  0.946058928  0.94569549  0.9370131
  0.999233532  1.00136671  0.966652901
  0.0085000004  0.990278634  0.990610104  0.947617271  0.947247008  0.938545523
  1.00246253  1.00360686  0.968693147
  0.00900000043  0.992358792  0.992678374  0.948887765  0.948508016
  0.939778751  1.00532111  1.00555627  0.970401324
  0.00950000045  0.99435599  0.994663359  0.95010632  0.949716358  0.940960607
  1.00818623  1.0074999  0.972056983
  0.00999999978  0.996270714  0.996565626  0.951373302  0.950973842
  0.942206909  1.01113587  1.00949695  0.9737528
  0.0149999997  1.01274768  1.01291265  0.966531299  0.966144946  0.958824902
  1.03543322  1.02502892  0.990622474
  0.0199999996  1.02564672  1.02567936  0.981223348  0.980945854  0.976154309
  1.05497529  1.03694463  1.00605122
  0.0249999994  1.03596621  1.0358732  0.990746162  0.990570708  0.987943668
  1.07022859  1.04670084  1.01689893
  0.0299999993  1.04419086  1.04398058  0.998283307  0.998231015  0.997730537
  1.08256814  1.05553055  1.02550178
  0.0349999992  1.05075718  1.05044021  1.00487324  1.00497143  1.00658869
  1.09114972  1.06288841  1.03258
  0.0399999991  1.05586789  1.05545636  1.0102286  1.01048942  1.01401896
  1.09619487  1.06835485  1.0380987
  0.044999999  1.0596947  1.05920099  1.01417068  1.01459286  1.01970418
  1.09840072  1.0722157  1.04209235
  0.0499999989  1.06246564  1.06190024  1.01717924  1.01776046  1.0242111
  1.09854938  1.07490052  1.04502963
  0.0549999988  1.06445388  1.06382462  1.01957287  1.02031004  1.02793781
  1.09713111  1.07673283  1.04724018
  0.0599999987  1.06567373  1.06499054  1.02123629  1.02210921  1.03065988
  1.09401161  1.07750103  1.04864974
  0.0649999985  1.06612299  1.06539544  1.02211372  1.02308666  1.03224288
  1.08967995  1.07725837  1.0492678
  0.0699999984  1.06631939  1.06555163  1.02274497  1.02381305  1.03350205
  1.08428211  1.07654475  1.04961685
  0.0749999983  1.06576903  1.0649701  1.02249671  1.02361536  1.0334005
  1.07851994  1.07482589  1.04919076
  0.0799999982  1.06515398  1.06432721  1.02210798  1.02327548  1.0331095
  1.07177085  1.0727164  1.04865016
  0.0849999981  1.06412213  1.06327061  1.02113259  1.02231038  1.03187405
  1.06563833  1.07002358  1.04773019
  0.089999998  1.06298646  1.06211395  1.01987879  1.02104947  1.03020082
  1.05901716  1.06684971  1.04665806
  0.0949999979  1.06162907  1.06073916  1.01842071  1.01956435  1.02818488
  1.05243389  1.06331398  1.04542076
  0.100000001  1.0598434  1.05894077  1.01671322  1.01779748  1.02571847
  1.04724873  1.05957799  1.04392556
  0.150000002  1.03982841  1.03887933  1.0019116  1.00207311  1.00306213
  1.00576824  1.01538223  1.02895058
  0.200000003  1.02062402  1.01962179  0.996982401  0.996741803  0.995090613
  0.990335783  0.985462551  1.01675537
  0.250000004  0.99920958  0.998194102  0.996012735  0.995781115  0.993568501
  0.987035838  0.974265655  1.00145729
  0.300000004  0.974081199  0.97312915  0.995299563  0.995159351  0.992581943
  0.984949996  0.96522686  0.980356255
  0.350000005  0.947479298  0.946612547  0.994697351  0.994667115  0.991860311
  0.983605463  0.956883052  0.955771263
  0.400000006  0.920521214  0.919788907  0.99417359  0.994258269  0.991342588
  0.982872497  0.949121795  0.929360263
  0.450000007  0.894500536  0.893944039  0.993761218  0.993954  0.991063043
  0.98282631  0.942406495  0.90279995
  0.500000007  0.870767401  0.870411712  0.993524237  0.993806061  0.99108156
  0.983577235  0.937315477  0.87781172
  0.550000008  0.850770526  0.850622045  0.993546962  0.993886167  0.991455033
  0.985222612  0.934712994  0.856033681
  0.600000009  0.836558866  0.836618409  0.993921866  0.994276991  0.992225039
  0.987759553  0.935560561  0.839659845
  0.65000001  0.829472561  0.82978979  0.994892212  0.995208379  0.993699879
  0.991543781  0.94118848  0.829885104
  0.70000001  0.834219047  0.834857975  0.997665999  0.997787053  0.997332892
  0.997149757  0.954720367  0.830879196
  0.750000011  0.865015094  0.866018559  1.00447453  1.0044745  1.0044746
  1.0044746  0.981886509  0.855572207
  0.800000012  0.954541322  0.955745917  1.01121129  1.01121128  1.01121129
  1.01121129  1.02413666  0.940830253
  0.850000013  1.10545182  1.10665277  1.01541141  1.01541141  1.01541141
  1.01541141  1.07864015  1.09169255
  0.900000013  1.32209917  1.32293362  1.01039731  1.01039732  1.0103973
  1.0103973  1.14507789  1.31183316
  0.950000014  1.61599589  1.61621954  0.922349671  0.922349575  0.922349851
  0.922349851  1.21474285  1.61236762
